916 1181
316 325
765 838
237 12
298 734
344 829
309 821
742 550
62 201
113 168
567 450
246 526
575 726
853 111
317 162
571 235
353 839
374 219
760 24
27 514
97 719
292 831
650 862
764 338
327 750
31 445
640 602
106 721
231 588
52 98
521 503
27 810
73 630
260 302
489 764
672 844
570 63
763 170
222 618
149 586
119 267
497 533
135 54
713 19
199 895
700 901
397 597
890 826
759 843
468 833
9 873
469 232
296 489
63 859
222 753
417 755
752 430
571 811
203 853
902 374
837 175
490 64
523 761
429 554
898 869
735 171
80 683
340 68
337 585
144 799
494 644
599 125
904 565
851 782
775 825
706 192
533 351
598 107
883 42
550 577
345 728
113 196
592 282
621 374
647 500
112 363
748 609
471 607
127 530
568 331
882 808
320 914
318 456
900 74
135 197
741 757
404 904
875 760
195 209
42 675
219 291
402 769
24 382
796 140
495 891
624 415
885 562
716 794
169 776
419 804
670 312
23 163
767 397
870 23
862 798
506 679
872 102
776 347
850 106
233 832
416 255
320 46
413 692
36 4
261 717
87 590
738 291
2 313
543 633
509 398
301 95
119 807
365 75
780 181
865 21
597 569
499 481
14 95
710 477
666 769
717 25
160 568
637 844
582 259
97 283
882 895
213 636
702 262
426 456
630 514
105 814
249 772
866 434
486 107
612 178
375 886
388 420
858 348
627 187
358 340
553 112
686 42
144 21
682 573
353 10
176 68
680 667
444 748
374 672
531 446
375 563
320 597
878 402
902 321
66 222
66 651
889 25
703 721
289 50
665 205
868 224
828 596
47 455
119 858
876 490
105 713
347 630
160 502
295 832
517 688
299 415
866 789
491 690
816 700
155 609
462 847
616 316
907 690
658 734
646 520
415 765
567 85
194 754
647 684
251 21
627 635
369 25
245 862
768 774
271 765
872 445
647 873
335 4
832 355
798 818
175 431
893 464
44 286
914 128
12 559
102 363
302 484
120 822
48 235
468 672
236 741
673 709
595 130
785 258
229 384
611 634
551 719
439 423
872 271
84 45
497 766
269 482
592 415
767 83
842 102
567 182
319 287
186 63
454 20
534 722
651 613
148 808
460 783
536 137
847 245
720 655
892 48
422 747
341 514
815 447
844 376
96 843
913 323
424 458
744 103
128 356
740 546
889 803
871 885
813 757
466 513
149 53
218 655
857 427
512 26
198 669
134 572
43 143
317 21
868 442
729 283
596 649
776 658
16 62
838 219
545 512
906 854
665 598
714 764
366 221
899 531
98 583
563 777
745 52
810 144
76 431
129 216
103 370
673 530
194 32
89 779
611 700
354 217
488 454
721 186
837 437
536 640
792 373
707 507
197 456
317 502
591 645
126 579
622 343
316 536
485 869
98 107
667 819
747 118
663 711
562 39
753 698
228 211
544 325
885 101
371 86
667 517
436 862
98 69
904 100
502 830
417 258
251 122
367 749
218 904
383 903
866 201
200 684
760 497
294 735
307 114
874 565
555 129
335 392
703 578
387 701
883 32
4 351
861 651
59 118
118 542
732 901
102 3
688 720
795 724
247 159
876 290
725 86
667 786
201 271
896 679
299 915
806 887
75 129
216 366
68 246
369 333
149 308
522 828
630 510
882 32
261 196
137 291
164 774
534 822
583 283
894 393
891 793
321 113
517 494
530 381
596 425
261 85
392 156
723 119
205 820
888 465
804 263
688 643
757 178
395 290
522 166
482 404
731 595
80 60
302 635
115 84
561 663
86 274
385 717
606 77
114 169
449 205
26 557
672 899
725 903
209 590
831 1
678 851
220 644
128 757
751 514
905 717
543 683
631 509
417 177
352 615
606 790
633 148
498 879
761 616
146 486
779 210
336 624
326 328
45 24
602 826
653 910
653 298
735 464
731 691
577 504
154 543
429 593
338 707
785 195
301 72
153 463
889 814
133 757
812 40
677 350
833 594
100 167
446 802
792 604
770 820
324 815
349 803
391 263
366 173
172 344
510 337
755 153
189 640
490 448
726 523
716 554
860 647
916 657
497 910
698 434
81 914
14 572
49 681
85 55
446 477
384 812
588 485
301 689
440 728
736 383
835 406
606 121
736 136
206 776
565 339
522 262
161 716
369 609
386 328
845 516
27 428
689 673
775 23
165 479
302 32
849 183
210 597
578 612
45 651
875 912
120 829
184 231
78 812
744 715
581 786
533 541
781 550
646 162
579 823
277 230
316 7
473 419
462 663
149 493
821 184
354 154
836 711
124 372
483 751
891 888
155 549
247 232
594 461
463 522
651 664
431 777
132 501
355 423
511 830
58 102
209 592
681 255
869 197
329 192
781 855
690 675
359 815
25 653
673 461
103 766
773 846
712 328
271 644
812 497
558 649
735 704
84 351
493 363
463 854
710 722
485 144
712 44
40 373
370 654
5 527
441 494
229 508
372 148
73 632
212 206
248 180
394 396
33 792
462 682
194 608
416 829
25 723
530 164
153 556
151 743
736 107
391 389
844 913
345 911
356 437
165 577
562 94
490 899
517 221
265 454
113 505
119 100
159 646
303 365
265 129
31 459
788 418
388 164
473 294
213 253
468 363
428 677
332 530
784 448
577 338
133 341
641 735
740 738
580 496
857 758
54 577
535 434
348 378
808 473
315 282
852 54
420 755
667 885
289 410
237 889
350 457
624 744
915 482
300 243
287 191
202 495
110 346
55 687
848 414
70 748
479 62
832 284
431 688
680 697
504 691
29 498
755 16
464 222
880 195
326 682
49 481
358 702
357 654
447 731
812 895
474 606
657 22
713 241
611 285
900 898
481 449
666 364
873 199
224 214
851 658
44 884
419 620
148 330
864 317
611 731
736 504
491 668
749 357
205 603
650 824
501 543
704 644
218 7
51 106
546 526
145 544
887 7
551 66
649 170
174 144
495 889
434 49
362 530
200 329
58 901
363 385
680 605
285 581
232 764
301 574
646 716
866 598
533 643
899 315
207 839
771 408
256 465
842 5
403 801
83 855
239 354
654 795
269 202
265 296
719 831
807 548
228 549
539 138
770 54
534 519
533 33
803 368
688 448
387 196
38 176
698 850
307 648
738 38
472 830
13 622
591 707
517 795
617 777
234 210
271 324
892 609
119 85
44 222
364 769
685 532
242 894
873 780
124 741
448 408
438 736
391 410
466 162
818 750
146 753
757 355
580 791
19 451
326 14
219 122
28 888
146 651
889 553
408 703
743 251
133 193
193 667
37 778
227 387
738 649
14 158
315 879
253 117
137 892
884 419
101 879
373 202
37 53
677 448
415 168
758 449
775 157
497 654
909 672
304 241
625 133
593 139
848 612
407 663
849 30
227 626
377 76
5 518
693 746
488 434
249 372
529 173
516 832
805 509
575 129
376 741
56 809
508 829
897 195
247 831
294 413
305 497
96 825
567 907
828 92
597 573
293 760
78 838
711 740
474 110
155 902
288 713
64 643
857 579
859 2
786 727
547 392
429 255
482 133
420 51
276 280
347 568
354 693
339 369
861 586
341 93
482 32
591 838
916 28
363 372
242 434
459 621
49 13
254 473
568 298
599 646
235 711
564 407
40 576
349 370
763 270
4 709
80 550
769 231
397 154
123 762
271 461
220 526
78 35
334 73
501 306
302 745
354 876
34 634
279 661
720 747
897 598
73 737
255 494
750 359
662 400
308 363
332 749
755 365
72 786
229 462
775 738
847 452
46 212
414 825
618 886
623 815
592 679
83 776
246 724
189 743
175 151
723 765
882 111
183 395
872 619
890 150
768 685
545 600
83 216
164 830
700 79
486 738
65 134
811 417
180 691
857 226
26 475
877 539
805 845
859 192
669 369
47 717
27 98
510 864
294 838
63 800
442 90
414 40
715 89
580 816
501 478
196 218
530 380
466 417
155 767
237 436
21 595
785 718
825 471
632 780
253 221
911 610
576 702
18 655
243 135
239 286
814 133
843 483
408 132
471 579
385 109
384 581
797 120
351 67
820 722
742 762
217 886
136 111
846 854
894 187
763 688
726 665
704 591
300 594
669 890
898 670
909 442
110 408
557 48
696 313
119 172
12 703
472 262
454 737
80 686
176 641
578 113
688 332
330 37
198 82
237 654
62 730
4 526
732 648
741 217
209 691
34 217
868 106
798 715
651 600
853 250
139 178
505 598
84 399
482 39
198 306
665 836
118 36
420 389
294 348
281 536
319 527
236 499
510 663
71 421
274 676
604 46
554 897
244 690
302 873
699 406
809 593
21 313
93 135
526 440
378 634
22 26
586 403
472 218
280 463
529 223
820 445
770 390
626 380
75 842
720 168
746 405
55 653
900 382
811 3
86 596
733 828
577 406
35 227
296 279
129 813
902 705
331 297
196 17
502 752
216 211
655 737
178 368
265 907
523 667
198 909
379 727
477 889
438 159
901 797
754 348
397 598
528 660
642 126
147 518
362 360
761 869
428 551
667 70
864 320
145 693
777 656
525 295
200 626
416 260
159 564
523 889
11 211
64 734
150 467
128 601
879 525
751 824
171 843
321 567
881 159
783 222
468 609
167 71
601 807
757 459
289 221
816 403
453 631
142 381
119 356
446 289
93 95
163 352
401 541
108 620
244 417
722 90
57 218
804 154
341 900
581 346
388 507
191 30
809 773
210 43
679 87
863 65
242 807
859 80
801 505
200 62
760 849
281 600
621 143
764 470
173 117
43 602
50 710
454 472
212 518
378 100
770 642
742 891
400 622
301 180
638 718
348 366
652 674
791 318
55 69
721 652
378 897
123 599
902 11
459 258
131 801
681 246
591 257
605 865
487 542
846 810
766 10
319 194
336 686
163 400
485 609
704 3
894 310
238 539
97 661
789 440
160 212
640 249
261 625
173 867
307 571
625 95
728 725
618 405
529 502
889 769
327 138
375 833
17 139
320 740
498 531
218 818
304 721
330 168
468 631
200 568
467 134
337 709
732 247
290 267
430 568
854 430
638 459
625 597
50 669
19 377
95 727
444 731
855 333
598 523
519 598
748 412
299 210
839 815
902 36
714 389
580 892
619 766
121 420
339 477
837 689
739 692
507 746
245 872
293 430
353 653
622 154
324 377
233 196
834 776
241 890
823 672
140 471
314 282
860 793
549 893
798 877
596 838
520 686
49 115
411 750
64 246
626 453
478 354
27 403
317 757
103 143
321 869
392 145
731 468
526 390
617 102
30 888
785 260
249 759
471 595
668 17
468 886
422 61
354 786
307 48
469 242
177 352
142 376
129 824
193 389
868 503
623 776
403 158
157 408
91 703
351 565
328 293
156 120
