999 1901
987 500
753 28
403 26
310 102
903 952
151 823
390 606
64 625
283 103
344 119
57 163
972 329
21 568
746 979
938 678
466 972
241 31
701 246
563 144
372 915
909 916
17 827
895 800
456 591
55 723
573 914
70 661
667 168
976 453
52 250
70 233
843 427
521 642
175 925
16 634
73 36
271 137
112 121
559 145
86 727
952 38
717 986
461 774
568 118
861 890
146 180
221 475
646 723
958 705
119 266
503 797
698 319
538 875
408 802
742 524
31 640
860 567
984 831
843 234
558 36
337 480
134 618
392 9
32 492
894 657
404 645
278 170
248 842
212 816
230 691
415 968
842 903
334 824
46 33
432 154
805 449
474 301
722 576
618 625
567 822
184 47
708 514
507 835
788 109
689 29
817 743
68 699
362 370
327 229
644 758
166 173
856 908
665 453
261 498
798 892
345 513
955 412
102 743
24 879
357 774
339 515
895 542
714 22
437 729
882 400
440 643
120 513
389 129
905 888
582 176
931 271
311 74
367 596
796 777
88 206
788 115
791 6
178 630
515 960
256 888
423 370
233 36
644 62
771 735
612 759
370 198
207 295
500 467
686 558
429 809
565 807
659 414
880 145
537 912
112 688
459 542
727 119
621 528
668 621
509 396
629 427
630 299
26 6
145 668
864 718
452 344
805 897
172 258
639 361
70 587
681 540
494 603
853 774
491 651
829 988
591 658
985 375
749 321
87 830
822 346
510 597
294 764
589 581
89 654
756 644
173 843
501 334
999 707
252 107
661 375
427 289
999 31
801 124
366 744
387 2
653 803
126 898
385 403
979 567
798 25
921 913
60 491
632 401
608 153
435 121
74 212
575 222
7 361
78 919
120 874
541 880
216 531
40 790
771 682
918 26
83 664
395 564
972 73
8 633
870 585
462 746
583 172
270 473
346 700
700 392
441 941
648 307
995 732
427 827
969 615
254 774
130 528
667 315
281 274
707 471
885 166
65 382
615 82
471 940
407 819
42 921
996 909
82 390
999 639
123 712
289 363
917 174
403 479
575 93
887 223
337 551
564 226
398 744
570 959
296 129
683 699
519 916
762 790
479 678
835 152
943 987
551 513
492 301
844 218
332 31
614 350
889 378
262 20
508 928
879 590
887 69
734 712
98 355
10 705
779 34
502 730
966 451
288 806
475 542
613 321
460 158
208 518
953 721
536 412
600 430
215 922
127 473
555 345
686 284
925 722
213 224
235 191
365 485
332 920
993 946
304 372
964 85
105 952
143 570
743 44
873 616
175 704
270 70
914 359
977 570
778 701
357 695
466 756
396 642
420 934
756 56
352 281
133 561
727 393
929 680
141 722
683 390
733 707
650 380
380 907
680 641
536 816
275 196
852 316
895 803
364 297
409 764
78 810
210 75
822 271
471 258
110 70
221 534
994 671
900 87
336 698
686 302
368 69
242 217
445 554
288 843
721 269
139 605
714 734
337 962
945 515
967 586
343 289
721 100
315 320
66 435
177 156
292 650
540 687
342 210
316 289
392 135
41 187
149 314
43 798
284 599
13 5
181 644
168 50
371 128
278 732
10 342
713 544
276 802
25 179
364 683
860 544
852 813
373 313
948 821
456 427
956 963
138 609
469 17
141 991
609 543
410 26
874 16
239 134
731 413
483 244
106 562
71 368
467 812
741 739
34 924
882 773
684 368
156 495
953 949
640 963
518 69
833 962
253 63
878 664
477 769
658 609
917 889
613 144
846 884
853 312
675 568
966 105
627 445
893 268
482 1
825 98
441 873
887 339
636 36
530 66
717 869
40 287
940 191
731 649
292 119
316 800
407 219
416 886
535 735
679 986
684 397
466 81
142 609
610 578
863 195
245 152
279 996
234 529
493 260
23 564
727 373
863 42
957 177
49 988
7 131
837 273
295 670
833 838
902 792
852 659
553 965
767 234
658 586
77 696
578 511
7 443
528 242
306 39
298 310
377 138
801 888
988 446
957 800
638 127
87 833
254 467
860 538
916 239
560 620
463 822
407 517
122 116
608 888
384 935
810 114
109 555
100 997
305 926
855 631
278 971
105 391
435 233
826 116
755 902
826 986
172 498
302 962
966 824
752 102
25 806
164 207
484 515
635 955
598 667
432 286
530 14
537 858
280 738
134 411
321 160
796 439
999 498
786 253
896 16
755 173
773 310
50 205
458 173
689 437
730 465
36 706
537 803
190 591
275 649
66 239
204 801
248 782
500 866
767 81
208 409
543 618
821 527
953 273
956 343
285 931
262 606
740 491
650 418
803 77
571 562
916 481
21 707
403 624
512 713
508 332
842 99
83 710
911 650
523 88
835 868
471 414
19 301
317 16
669 827
452 243
974 24
105 17
303 978
806 881
790 117
965 678
198 897
971 643
684 850
907 335
358 559
589 971
435 863
954 814
44 141
45 793
48 669
159 364
73 747
897 454
310 573
160 737
379 471
861 8
864 276
772 178
721 267
741 397
176 822
156 724
717 420
695 228
892 331
13 99
396 109
653 83
527 292
965 961
190 78
362 57
224 767
705 202
524 412
267 454
899 371
34 112
570 603
919 636
666 128
408 176
605 450
938 918
9 167
729 43
379 187
877 163
551 588
192 413
734 137
616 403
467 716
835 691
107 946
718 445
443 161
852 323
16 829
355 733
608 609
992 53
562 613
484 936
712 980
411 893
158 900
985 272
583 867
85 811
901 114
746 270
582 664
785 44
681 83
499 520
704 822
690 300
853 864
256 876
665 90
467 416
505 213
582 954
880 844
797 888
547 574
383 760
185 353
494 782
78 291
120 469
909 491
129 951
702 899
995 225
208 620
706 592
838 807
401 416
748 330
714 829
48 329
525 985
897 943
989 193
771 914
77 280
480 249
5 337
246 634
979 708
87 693
518 460
747 701
506 334
982 887
163 896
536 720
248 859
361 452
1 544
164 212
396 967
757 302
890 878
284 299
286 148
2 138
477 737
683 954
542 446
517 275
435 584
202 798
712 650
430 845
749 326
326 994
147 268
427 12
580 94
709 190
382 469
647 903
689 628
690 797
838 23
258 59
626 716
819 326
380 861
913 765
792 387
997 527
261 373
519 654
973 823
426 747
632 722
393 949
732 662
56 398
359 725
773 608
150 454
558 451
156 614
516 262
521 258
596 962
764 579
176 220
843 667
220 192
574 959
689 847
838 914
234 497
695 284
455 14
332 499
775 793
633 154
997 665
249 110
800 362
927 953
392 354
310 322
312 3
363 200
847 509
837 258
711 87
825 714
516 412
504 122
912 476
663 129
42 695
888 480
654 380
749 781
783 683
648 224
276 673
244 491
559 636
756 304
832 508
708 934
307 442
145 638
990 470
188 820
905 900
945 215
817 794
900 240
109 685
371 211
83 272
306 935
511 746
272 549
915 339
4 645
951 417
644 2
76 55
579 663
264 953
484 732
551 923
371 216
101 820
411 612
586 384
474 723
361 584
617 180
86 346
970 505
534 324
259 887
578 844
64 926
925 591
988 306
475 481
73 977
959 509
282 524
480 383
360 522
249 715
674 172
223 257
650 328
996 7
670 626
560 85
561 695
690 447
201 346
921 113
743 507
429 314
87 233
661 741
96 516
794 167
573 591
507 897
915 764
6 650
812 806
248 527
462 998
31 662
451 517
6 110
320 993
300 770
928 736
547 259
713 418
308 447
148 769
682 140
115 376
846 963
446 261
123 392
452 84
553 761
400 711
440 628
635 21
586 985
606 374
880 801
843 439
851 471
373 300
657 303
367 121
207 771
891 166
782 315
415 653
325 554
320 367
54 955
647 178
409 768
25 379
162 472
571 457
737 340
667 279
353 611
878 56
19 101
166 802
672 510
907 946
268 457
872 233
871 248
157 117
20 774
297 37
649 216
480 840
138 457
861 573
733 723
721 235
266 984
340 681
642 600
950 604
681 870
631 281
979 978
301 525
487 204
769 475
495 705
26 709
124 602
259 345
890 698
120 241
13 655
108 472
283 791
921 705
488 132
417 597
417 152
772 339
170 13
691 24
910 908
233 848
34 470
691 799
484 39
419 257
574 744
255 637
378 519
129 607
905 417
62 900
763 777
876 99
236 450
240 368
294 925
318 905
246 442
691 142
643 905
933 373
111 850
302 550
901 188
962 337
284 920
103 3
269 877
679 411
790 177
740 78
27 647
197 219
70 347
896 511
561 710
707 870
600 92
548 527
739 159
546 962
287 895
128 727
786 236
832 564
651 671
915 226
904 902
869 994
11 198
758 58
870 245
636 578
160 48
861 494
645 87
189 187
62 716
598 514
785 167
967 108
519 904
440 59
260 154
759 206
907 673
583 924
512 254
75 141
958 634
11 808
342 271
757 673
765 624
671 559
858 671
412 898
624 763
952 269
109 712
439 507
370 536
670 251
697 754
94 553
859 549
968 209
2 379
536 874
239 887
631 243
997 42
67 45
380 60
127 79
39 773
340 260
92 824
627 969
739 3
298 906
481 186
121 147
782 13
897 744
914 582
342 194
19 592
313 440
586 262
799 39
810 146
500 646
285 302
737 405
616 492
686 915
653 857
803 203
901 826
482 773
559 972
716 65
938 394
776 459
357 760
323 306
993 939
24 178
233 443
326 956
292 689
282 192
873 372
728 92
747 351
56 879
314 427
426 161
206 451
891 994
428 60
242 185
780 966
119 149
53 682
293 251
8 923
634 364
969 891
34 83
732 146
994 670
282 514
319 749
305 249
950 235
250 410
193 135
191 692
268 343
894 189
53 90
855 932
35 847
271 920
682 977
189 575
548 281
659 323
753 428
989 868
318 108
620 814
87 892
717 271
155 810
616 456
279 928
344 704
221 912
349 134
131 111
656 387
395 179
978 713
745 293
194 238
231 706
960 243
48 34
591 276
969 107
972 587
311 417
652 918
766 961
913 604
218 887
360 69
918 378
976 354
869 761
194 886
752 820
363 408
238 119
998 541
793 877
775 479
686 405
450 635
971 813
365 620
793 798
60 331
661 645
775 875
813 52
427 761
357 840
411 509
677 868
881 838
806 584
491 766
956 23
641 842
456 230
4 190
150 53
113 404
672 932
362 950
841 614
568 763
44 673
763 978
267 73
145 929
350 607
631 620
100 959
473 945
146 195
365 461
628 842
594 446
335 684
954 854
974 856
498 122
225 786
924 610
339 633
462 774
164 1
972 274
236 755
827 653
405 394
444 480
862 777
642 976
533 341
455 800
832 340
579 279
853 322
875 278
859 39
593 781
354 677
444 153
121 439
487 736
557 26
941 462
118 652
554 515
723 597
922 111
649 749
409 651
84 153
586 176
975 605
320 574
928 201
911 453
956 543
599 523
670 457
780 356
670 600
733 391
589 386
301 27
106 334
768 266
916 69
934 753
97 478
198 107
955 373
891 388
728 994
87 155
113 335
704 27
405 848
42 32
962 216
472 393
568 512
697 246
581 109
284 99
366 110
943 763
162 979
914 450
175 44
273 16
147 417
562 35
549 295
571 684
937 828
392 850
724 744
54 291
873 694
141 646
291 432
8 251
318 562
928 834
927 747
626 547
326 840
365 419
693 511
324 963
420 223
403 129
26 697
760 852
31 999
735 783
621 778
126 306
399 431
347 768
427 293
283 56
150 182
604 54
152 716
253 774
951 453
20 22
5 401
819 78
937 703
331 953
26 563
479 511
671 422
369 961
869 505
622 163
736 328
20 625
684 117
428 315
49 487
107 297
537 967
42 693
722 339
591 898
429 154
770 653
951 224
862 965
441 367
564 827
710 499
285 145
537 197
919 157
498 868
409 202
326 972
636 360
720 936
299 39
637 839
251 149
554 953
742 87
174 629
986 979
733 816
879 209
422 434
637 468
917 244
231 334
107 874
715 401
418 243
385 506
119 840
480 130
546 247
54 262
864 105
94 292
39 86
41 883
358 904
146 280
366 850
42 473
408 441
673 550
306 885
74 387
958 513
107 201
150 222
381 70
69 480
207 27
557 857
357 530
727 503
600 911
250 418
896 742
108 511
173 215
813 234
68 490
655 182
801 899
653 586
109 197
282 645
245 286
113 46
142 700
17 288
94 278
960 656
65 969
835 560
631 38
553 844
678 499
460 924
113 828
765 768
847 948
19 963
959 350
390 378
500 529
783 30
213 974
402 66
258 885
868 337
230 643
931 97
21 722
248 681
746 126
248 205
818 312
13 190
270 617
944 778
782 882
551 953
516 186
627 610
477 962
467 84
784 882
52 909
969 624
890 537
675 802
358 775
246 883
267 507
753 176
882 788
462 735
928 954
790 307
721 88
960 816
413 464
483 381
691 896
916 940
478 590
669 73
256 5
447 39
195 24
286 300
14 863
590 179
645 113
668 713
737 267
956 761
171 749
582 838
987 335
957 1
316 308
373 261
195 112
187 845
895 384
552 591
902 391
949 168
398 588
230 794
800 418
343 307
661 341
496 36
460 58
210 132
377 295
266 968
530 822
827 754
629 253
315 560
17 794
325 225
755 651
968 626
558 426
374 596
960 434
700 66
8 690
85 681
100 239
249 230
446 520
485 152
729 615
56 984
132 162
69 324
932 275
188 611
893 802
555 729
35 663
731 169
937 64
705 767
7 731
507 294
343 361
972 740
100 447
619 684
35 783
58 545
576 633
647 134
351 656
801 101
973 287
707 399
693 826
604 208
966 971
331 502
481 453
52 402
532 782
777 795
543 819
586 499
420 439
90 946
330 574
703 676
559 277
890 3
217 557
659 861
242 543
131 7
135 130
746 360
450 870
159 914
774 906
243 494
353 719
488 391
179 461
569 418
830 330
707 492
858 535
432 766
18 379
272 578
330 569
884 295
758 839
482 706
286 466
416 66
373 833
73 487
114 291
387 406
190 323
906 16
446 354
197 499
594 649
671 106
802 432
456 215
945 322
547 41
904 95
220 844
522 361
221 463
691 476
932 431
846 301
356 824
383 540
648 686
422 242
902 552
961 108
428 935
33 14
154 525
269 24
850 901
179 249
897 873
79 848
246 382
375 414
838 530
680 278
684 326
918 677
782 611
428 819
285 248
18 619
610 497
648 105
637 467
381 149
510 491
780 599
397 139
741 555
230 671
651 851
849 832
558 743
6 224
356 186
126 190
950 11
318 876
674 457
255 517
642 619
43 833
687 744
565 785
697 137
607 284
187 244
894 330
688 649
546 126
748 793
548 283
400 449
220 372
19 844
426 922
614 507
708 926
412 243
114 495
318 680
12 84
382 965
761 30
573 922
375 357
473 229
959 973
907 20
950 768
185 796
647 864
691 989
484 869
717 668
530 875
517 639
931 767
935 433
422 332
707 987
545 693
433 552
971 485
684 620
134 820
563 793
453 129
626 53
202 643
76 86
881 169
388 541
446 416
104 279
305 711
464 655
788 656
915 264
38 973
302 793
782 88
75 571
439 58
445 815
670 653
195 133
452 417
277 188
549 599
22 831
695 175
923 535
836 297
897 443
149 680
828 680
338 710
544 811
288 762
778 906
339 848
535 867
104 944
563 660
230 33
782 893
624 588
405 97
500 801
929 709
732 559
470 242
530 630
270 613
720 579
538 892
249 219
212 457
31 631
341 299
165 418
901 675
7 800
302 517
122 442
711 780
450 776
418 289
540 333
975 392
101 283
543 520
675 561
523 738
630 331
542 775
317 613
196 957
380 773
778 550
369 523
632 698
7 740
505 622
569 865
677 448
453 833
510 249
757 171
145 862
537 108
67 955
704 459
759 245
136 413
217 867
935 841
226 28
102 769
912 808
200 734
384 517
406 395
526 424
892 243
452 42
767 646
220 30
315 498
801 293
837 980
646 250
633 630
481 737
615 276
799 390
72 983
861 542
164 498
248 910
635 433
267 853
200 304
388 60
134 7
233 840
159 943
915 782
684 356
832 42
902 589
102 396
51 724
626 727
93 199
59 782
577 215
560 809
213 514
716 932
53 586
661 907
259 455
795 578
180 729
935 972
517 332
422 127
568 748
473 616
988 517
504 146
747 261
810 175
388 695
978 646
727 332
838 721
742 625
918 951
703 114
851 967
876 837
873 217
290 988
772 456
114 696
637 811
841 318
604 974
554 605
43 499
889 605
766 815
786 431
481 357
136 243
943 7
931 465
53 717
600 774
395 898
638 834
945 590
295 184
233 716
343 484
955 176
679 166
856 954
287 45
770 547
707 494
794 723
827 416
43 169
471 497
733 990
990 724
115 804
611 619
123 491
469 203
434 552
128 392
516 353
719 410
461 268
67 342
546 192
54 527
827 781
656 781
977 857
135 652
109 60
614 748
815 869
119 404
718 371
331 223
945 482
485 858
382 179
937 243
104 728
212 409
469 310
577 647
865 625
960 998
119 981
887 256
811 342
587 204
203 176
828 287
409 959
356 69
728 667
252 80
506 483
37 372
883 864
595 544
433 516
531 776
985 224
71 661
343 96
348 109
644 578
318 877
818 768
529 435
863 910
201 915
384 194
112 711
83 604
158 361
95 537
471 738
807 659
357 609
673 96
918 358
132 533
994 216
460 796
