1000 9893
142 714
414 879
369 448
975 906
750 398
219 322
864 541
242 161
575 225
138 175
738 942
673 121
413 318
860 713
846 524
904 307
423 965
338 947
962 25
471 985
4 924
8 87
1000 363
798 546
981 404
571 912
660 583
365 327
991 23
33 118
139 780
491 497
283 493
467 376
381 606
431 157
516 21
190 620
468 150
816 806
623 798
292 452
40 117
41 220
300 575
27 913
411 510
346 778
788 868
952 714
433 28
614 238
734 139
495 925
378 601
337 519
552 14
609 227
790 24
576 404
667 975
559 725
232 714
448 519
770 460
831 757
603 634
675 89
414 399
988 48
8 842
23 649
310 223
771 603
641 123
224 651
355 627
190 15
394 189
876 899
366 81
920 93
59 571
958 949
940 352
725 918
891 498
488 447
414 843
522 846
935 95
683 398
285 777
946 884
674 199
821 983
108 527
4 850
171 195
835 360
609 47
919 536
706 199
319 680
86 173
325 683
906 394
42 207
939 343
961 435
283 171
346 754
496 38
313 624
388 358
636 874
889 783
184 387
403 611
155 2
304 760
861 956
720 790
443 783
487 674
776 293
726 569
708 676
202 461
844 908
974 615
61 406
210 816
693 901
400 984
844 995
683 779
912 67
475 301
560 981
227 880
174 329
663 671
996 680
997 753
780 857
398 145
426 541
979 715
618 9
394 127
858 568
197 906
290 60
397 433
728 373
295 301
794 764
410 709
655 573
983 128
587 859
534 650
223 543
216 743
127 694
52 405
539 909
538 616
329 921
879 177
422 402
467 775
818 641
8 305
541 121
300 793
808 728
471 528
916 643
169 770
142 79
424 336
295 310
584 254
570 765
511 805
100 350
311 604
360 744
105 978
15 680
307 426
352 513
429 918
218 642
934 852
725 177
827 897
495 759
369 647
10 813
600 5
502 485
240 904
884 709
461 532
577 747
128 559
959 683
132 593
19 922
470 669
145 528
793 988
7 430
234 176
895 293
737 207
564 636
467 140
233 120
675 17
270 791
643 170
883 210
538 827
927 143
159 273
94 970
59 645
833 810
34 93
129 887
556 58
774 129
137 348
856 868
195 466
91 133
474 7
247 320
759 754
188 455
156 571
712 343
333 721
172 593
191 247
748 752
765 718
507 34
15 5
678 719
990 984
38 878
275 168
367 534
631 293
410 922
678 862
256 523
764 505
222 501
111 808
482 94
49 865
854 238
801 466
14 481
752 288
571 996
722 948
579 581
800 150
451 930
678 139
37 17
520 53
47 456
692 787
239 524
782 772
434 910
952 559
202 434
478 479
984 320
602 205
398 667
594 515
650 817
101 529
98 537
736 336
652 118
301 96
805 592
864 500
929 974
991 805
337 276
763 970
569 929
797 57
111 814
478 795
617 877
197 945
91 338
21 387
195 144
915 619
717 267
241 466
150 728
998 316
904 284
12 729
198 896
813 446
772 951
100 668
208 180
447 159
910 605
512 412
678 521
254 623
826 372
631 491
777 808
941 613
694 807
54 390
990 767
651 720
692 268
105 622
177 841
566 493
790 913
972 12
702 253
121 313
83 783
467 684
181 858
604 711
660 721
627 670
475 283
259 728
908 763
89 19
986 771
274 391
442 869
705 937
759 26
246 459
53 330
752 332
512 609
633 179
166 264
338 613
520 209
377 647
409 438
925 966
213 980
313 934
266 760
321 627
305 854
876 139
109 756
274 587
496 711
571 907
300 975
407 869
249 913
996 39
861 234
365 795
603 863
286 409
178 318
767 192
770 90
227 855
391 198
784 162
641 303
288 945
571 170
58 459
521 977
150 299
447 767
932 582
695 5
145 873
404 162
941 389
937 946
591 325
297 967
870 874
120 350
190 828
374 9
77 80
82 742
689 342
543 375
893 238
402 737
521 621
885 890
434 242
510 785
756 713
4 219
560 340
191 190
983 434
161 511
218 248
492 495
40 760
437 282
302 305
483 244
122 924
627 907
215 156
218 363
899 710
468 759
621 471
713 916
808 652
554 400
693 427
846 664
37 984
513 221
933 828
744 845
977 405
217 211
697 729
886 231
134 790
374 395
568 362
786 481
75 874
244 931
460 672
279 124
856 396
302 199
971 553
416 582
992 549
776 294
390 922
238 667
624 144
219 660
409 172
62 854
453 680
71 540
22 32
177 9
340 707
503 913
197 198
14 900
686 122
525 264
193 807
31 67
676 948
185 631
144 661
831 744
851 166
102 988
806 990
774 376
137 581
447 352
656 758
346 196
272 751
916 72
831 351
744 463
393 909
780 527
485 287
334 581
489 724
362 618
769 314
328 726
61 275
21 669
217 706
971 473
897 414
772 542
440 95
78 465
725 538
66 489
601 262
413 372
717 134
861 993
8 306
947 641
859 349
440 189
170 490
905 149
781 570
655 428
109 231
311 687
147 822
97 743
649 152
62 167
103 583
683 937
479 282
817 545
134 867
892 481
331 275
649 890
966 171
456 544
27 362
974 678
886 114
282 228
246 221
321 650
31 995
987 809
948 593
491 230
608 426
292 29
251 896
593 870
65 910
24 962
633 66
390 529
231 105
55 159
794 883
244 212
213 740
887 866
45 949
159 109
987 612
975 463
806 493
380 651
310 122
438 47
791 489
978 48
814 826
712 924
125 441
641 384
646 306
543 41
360 374
42 558
314 331
725 875
142 637
141 918
953 368
593 169
849 199
137 323
191 16
284 662
128 394
627 502
771 794
247 281
671 427
731 84
470 56
271 57
204 137
555 130
355 872
393 139
947 620
68 515
915 10
238 183
845 373
920 692
260 445
104 311
327 391
42 245
61 823
722 659
874 139
13 948
426 722
623 433
883 348
114 675
756 854
27 248
200 33
893 508
74 309
437 997
596 402
479 382
77 587
890 179
70 841
383 146
948 229
259 187
991 780
321 662
361 577
163 343
435 410
892 304
39 804
832 6
904 691
980 134
604 458
629 409
746 711
966 448
145 610
827 138
240 544
957 515
34 442
35 79
794 480
832 851
10 435
958 722
81 782
79 271
797 624
236 858
741 307
188 661
63 795
323 102
498 652
600 793
4 709
797 658
48 447
674 479
531 570
676 561
510 619
483 509
428 426
124 505
270 445
916 503
989 711
351 306
599 8
397 518
803 543
459 213
612 405
542 504
242 165
399 508
570 993
700 784
20 386
756 916
170 19
482 257
928 171
985 430
667 71
578 39
55 608
105 655
551 344
458 377
122 202
398 972
68 907
45 617
982 542
396 149
714 872
457 385
370 930
93 238
685 426
596 251
245 467
782 656
700 41
387 648
961 563
945 150
488 711
529 855
168 505
19 598
945 231
604 316
970 690
699 464
3 457
119 801
710 688
254 512
438 23
884 67
427 770
870 42
751 285
989 408
276 101
8 987
300 419
29 891
190 466
450 176
778 178
301 519
695 347
453 860
807 317
630 992
276 187
59 573
206 700
319 103
30 494
878 242
977 227
88 630
952 479
5 37
372 834
265 392
468 641
548 845
789 613
369 204
33 86
762 621
51 264
490 872
270 42
623 376
4 114
682 509
925 647
123 283
416 889
184 389
147 763
921 716
792 708
853 485
32 841
525 866
431 759
204 591
460 673
250 253
469 605
805 211
737 741
576 165
41 940
562 456
323 595
897 533
884 739
261 902
214 942
32 646
127 951
610 335
776 517
427 563
597 691
490 81
41 617
851 56
616 979
11 897
84 713
185 508
344 694
955 86
188 639
146 891
76 760
811 631
461 946
44 94
816 143
464 248
488 848
14 930
78 133
336 292
444 823
798 130
110 282
692 638
827 382
441 47
168 785
865 476
130 167
34 934
422 257
7 921
660 965
886 661
561 520
912 906
217 882
753 352
436 20
475 550
204 88
422 66
742 728
339 359
532 366
407 266
564 191
342 805
513 591
678 899
203 97
187 868
708 766
35 824
731 567
623 525
459 840
871 815
540 983
27 140
264 330
472 453
502 174
264 1
92 942
723 628
47 894
634 8
801 647
770 846
952 533
701 934
334 689
135 576
687 247
230 326
931 673
861 460
74 210
519 990
153 225
575 802
102 268
818 213
507 800
292 252
426 842
215 468
948 999
715 849
903 349
427 684
335 815
67 709
250 725
986 1000
2 808
660 421
110 468
888 190
63 998
689 435
798 367
572 616
825 619
209 22
48 404
384 950
812 462
635 597
802 84
583 360
350 624
977 154
523 274
119 301
212 881
564 462
640 22
53 79
915 156
590 286
775 504
209 321
138 975
530 445
222 100
706 154
651 519
1000 483
17 679
380 413
74 592
769 592
406 627
958 60
762 677
249 462
718 36
108 375
554 105
97 514
333 898
950 61
892 407
566 720
201 572
476 610
705 124
815 243
196 865
863 158
364 175
862 186
151 11
304 642
66 545
69 398
343 867
235 922
697 897
476 384
370 959
585 992
952 561
936 86
960 76
429 135
322 889
741 894
944 720
50 847
533 610
646 976
940 676
210 905
121 290
234 3
505 33
606 763
438 153
547 838
850 185
707 576
374 815
569 935
326 578
113 780
84 624
712 953
50 512
487 597
516 805
850 987
580 240
963 264
431 806
379 465
439 274
487 938
972 586
501 942
686 508
777 989
247 335
907 334
485 342
83 316
696 747
588 393
533 504
789 878
151 645
670 942
432 573
677 717
949 104
109 533
695 532
938 251
393 166
472 873
677 446
176 527
807 297
186 760
812 615
706 254
299 700
947 760
414 671
109 29
591 965
740 385
905 172
778 674
49 818
36 520
978 881
308 676
809 921
810 354
773 894
100 518
84 131
731 428
17 62
753 884
826 904
41 176
886 8
465 876
874 704
156 647
452 638
454 355
505 259
439 272
156 566
340 459
966 3
549 57
328 435
2 172
584 284
891 271
131 976
814 183
121 220
837 254
110 848
1 492
207 10
192 369
224 66
520 623
281 61
286 302
804 175
509 191
901 883
270 436
353 659
279 655
784 307
586 867
551 759
163 142
257 85
98 841
7 1
523 769
929 475
233 54
788 266
96 362
318 836
940 61
319 128
432 876
67 580
389 338
135 370
929 293
632 646
114 213
144 601
856 862
211 873
198 516
18 399
271 963
804 103
393 746
428 542
470 97
693 867
420 670
664 468
630 643
756 634
262 410
480 821
688 490
221 211
489 937
815 365
863 283
189 312
708 628
748 585
89 252
87 601
532 314
330 766
204 795
390 320
612 885
92 852
445 112
283 93
870 652
549 874
369 958
210 634
256 898
222 237
353 130
631 851
853 341
72 287
252 860
182 623
109 581
3 104
408 728
939 788
689 633
597 848
174 3
979 837
36 992
98 297
466 453
728 912
657 372
609 147
516 441
629 80
980 302
987 538
1 377
662 118
420 357
459 924
847 62
775 813
608 964
182 171
202 573
766 32
290 200
842 493
244 263
486 460
256 119
171 356
248 702
375 988
410 704
252 137
589 262
882 272
564 844
321 950
106 676
570 213
437 90
366 112
223 425
225 816
159 749
933 666
955 246
472 6
777 870
848 61
706 183
530 31
742 729
673 38
270 692
95 897
404 29
298 165
905 155
9 942
66 905
800 943
558 524
271 362
240 156
574 113
242 454
299 533
908 701
564 47
568 42
553 314
497 914
342 570
331 132
853 464
278 397
425 79
501 252
654 88
543 213
274 348
890 12
908 995
843 190
95 325
615 658
107 123
235 78
52 520
456 689
775 176
165 791
773 616
188 216
227 546
818 67
164 81
597 741
947 394
53 707
201 44
982 522
417 516
606 796
97 508
850 210
300 183
599 589
728 650
488 943
784 236
16 774
37 656
276 312
187 239
944 482
449 772
709 174
489 11
664 801
224 872
730 558
381 158
772 847
76 620
189 843
389 390
427 986
410 804
267 885
52 453
695 365
601 696
891 462
930 158
16 706
807 196
938 373
247 283
671 405
158 376
434 929
119 221
393 137
108 776
820 224
693 30
531 879
548 823
973 318
316 519
603 61
62 103
411 829
730 21
851 753
238 804
756 801
425 137
743 825
265 336
191 986
14 117
677 411
551 438
972 201
862 416
47 247
838 678
514 744
164 433
38 478
398 314
9 676
378 909
622 744
883 936
757 911
300 704
136 289
670 802
287 474
145 437
938 634
577 426
830 932
887 653
266 707
726 757
984 468
438 973
352 270
101 653
463 42
871 409
167 230
353 773
358 882
546 748
395 24
257 223
665 202
258 304
996 668
291 173
215 360
732 182
860 99
522 468
962 655
746 118
965 296
768 892
2 700
634 963
492 285
489 368
586 558
493 424
975 624
524 488
693 303
72 311
256 174
730 804
289 42
133 905
850 653
670 160
485 422
68 722
345 371
686 945
275 88
636 100
8 381
890 529
392 156
86 42
323 420
180 91
627 692
835 257
708 529
730 233
604 706
492 164
22 765
424 668
227 81
236 161
493 782
558 658
852 535
924 72
710 441
554 221
437 967
698 838
395 747
975 427
476 502
848 577
577 5
548 146
610 71
24 798
60 100
596 150
961 791
999 891
453 83
865 371
719 328
421 693
528 365
127 925
908 667
461 729
192 370
817 472
658 627
166 873
478 985
794 83
923 637
27 544
926 588
514 82
552 385
244 445
853 869
875 757
16 846
401 976
988 12
515 420
440 522
628 475
918 803
745 257
600 572
638 84
452 209
132 823
923 776
512 349
799 750
542 169
161 146
141 988
627 3
59 575
394 264
423 135
708 831
557 630
445 828
651 753
856 637
13 536
206 910
271 224
476 918
129 719
369 194
902 962
155 331
483 70
156 32
416 925
53 344
592 230
187 858
630 418
243 253
421 943
810 180
259 326
145 83
643 492
628 822
98 85
134 789
767 774
506 254
930 876
435 310
754 552
916 815
350 423
297 313
575 554
870 686
725 153
857 785
87 924
273 320
610 107
349 245
739 341
118 818
340 488
736 573
480 251
173 184
980 184
728 913
529 160
219 518
111 540
19 898
884 796
150 232
776 519
318 862
743 235
249 803
529 817
55 37
614 284
314 80
446 373
673 671
525 743
840 7
470 966
410 34
901 732
332 931
264 579
390 7
876 844
716 569
533 93
916 75
936 649
918 553
833 755
778 84
54 291
437 89
591 629
573 989
778 39
433 583
216 666
813 581
380 149
863 600
688 312
855 164
747 999
753 358
755 496
848 62
265 426
434 467
471 556
496 152
630 543
449 54
396 11
843 962
368 418
80 502
308 750
769 788
627 968
331 135
297 123
189 454
100 584
249 274
47 67
883 975
847 552
403 899
244 531
460 624
944 889
249 131
891 828
585 633
162 794
472 414
678 458
766 677
737 910
744 586
880 186
202 410
226 260
120 767
601 368
395 785
479 187
736 473
254 473
870 775
301 120
76 824
917 350
595 341
24 739
170 798
979 909
546 568
731 450
966 645
880 582
234 790
719 983
44 173
255 896
45 132
374 534
358 341
654 806
769 200
970 603
384 577
196 135
368 804
901 620
960 992
178 584
972 695
60 985
901 765
555 374
538 584
315 977
563 736
694 863
532 46
220 978
422 434
341 194
432 738
740 24
798 696
751 888
735 263
496 132
756 802
5 396
759 413
136 117
65 177
156 104
515 563
38 76
574 18
47 246
782 127
458 211
699 474
994 481
875 430
123 709
515 721
2 420
477 838
792 830
5 575
175 131
88 27
843 349
594 733
792 941
870 630
429 884
803 69
654 343
69 285
222 272
974 560
11 668
122 361
830 211
749 572
879 893
847 467
889 201
292 786
840 274
956 472
577 533
504 263
361 386
750 996
253 148
441 282
8 851
617 849
375 609
988 17
620 604
24 413
451 478
399 262
702 677
225 669
10 99
603 416
363 967
345 592
842 772
868 497
741 18
341 436
746 440
394 277
12 676
596 313
772 578
114 62
775 329
137 461
467 850
232 77
530 524
489 546
583 926
973 336
423 663
650 181
347 847
299 909
56 106
536 820
169 973
333 578
63 297
891 184
36 918
436 381
938 27
307 200
736 982
648 140
481 717
373 855
142 186
293 54
442 720
190 454
761 502
668 70
908 981
477 938
735 585
478 157
524 517
597 969
981 175
486 696
143 901
330 156
258 209
334 636
61 284
192 85
800 404
909 223
359 104
822 576
572 127
495 920
32 895
794 33
230 415
250 553
94 8
190 538
998 953
83 139
842 356
572 861
378 794
281 172
634 514
671 923
983 917
200 60
770 376
812 227
465 456
375 581
176 5
341 725
443 823
859 792
774 291
6 857
119 576
634 996
393 772
483 460
691 819
572 530
132 615
480 634
137 271
71 488
882 381
258 857
892 746
815 787
265 211
802 410
624 72
682 932
241 220
21 758
227 602
893 460
20 306
655 152
255 580
95 943
788 878
458 265
630 419
77 609
463 568
429 760
928 57
359 635
227 477
544 9
965 599
657 814
530 52
476 548
312 701
433 434
154 288
373 988
120 828
748 248
295 773
835 824
271 12
987 961
109 673
98 436
923 141
597 862
690 144
709 372
107 46
706 952
805 161
329 120
469 675
130 123
245 436
206 257
580 630
887 922
893 729
215 461
336 618
569 876
344 697
201 272
162 892
850 127
300 92
727 455
358 430
192 328
953 638
770 348
845 952
243 90
694 769
837 276
125 2
37 988
242 862
264 580
85 756
894 302
453 684
185 198
480 518
64 837
836 483
397 873
314 405
320 858
872 407
379 249
401 511
989 780
817 667
87 281
734 972
471 702
668 284
972 961
61 702
578 328
372 929
17 696
234 846
332 503
579 846
119 25
143 313
276 670
959 955
249 416
835 617
677 474
717 629
443 576
666 182
322 479
539 46
198 170
93 384
476 520
22 900
959 665
984 75
756 239
640 919
400 140
164 381
673 471
774 506
230 746
455 575
683 728
830 537
852 49
502 510
784 945
823 496
491 875
473 740
224 302
381 67
781 620
245 392
50 166
399 873
802 979
330 438
495 976
277 141
791 664
219 914
20 737
480 486
104 562
232 519
305 205
72 208
571 214
612 810
884 23
206 63
23 607
906 849
11 63
676 827
242 755
867 976
318 548
673 555
729 919
759 225
976 932
29 800
58 108
877 604
586 667
928 566
983 16
195 230
402 805
845 15
636 372
565 944
166 339
298 101
159 848
753 257
165 403
801 442
367 541
735 10
38 242
648 770
815 414
339 593
668 831
795 161
599 420
821 922
456 866
164 435
956 695
71 151
670 657
99 937
240 920
187 611
876 13
326 106
308 993
511 58
258 202
520 137
60 66
580 793
728 44
957 82
641 907
842 28
940 238
383 508
279 273
942 467
292 140
993 9
139 307
517 958
1 310
684 525
65 647
652 115
819 546
182 230
845 542
628 338
521 952
499 414
923 512
822 310
7 30
466 828
12 496
660 324
864 215
550 300
99 866
371 969
499 188
565 577
43 347
708 95
232 144
216 821
177 529
417 98
668 765
760 646
869 44
394 274
52 330
881 662
741 98
389 29
380 222
878 69
846 999
593 858
200 699
332 424
322 242
217 984
915 411
592 252
743 863
670 467
928 30
782 169
568 117
654 491
518 64
334 816
649 212
977 583
905 290
325 979
644 89
701 152
422 364
152 843
597 103
925 592
88 73
254 725
790 470
353 379
192 39
714 148
821 656
364 285
865 256
391 398
212 153
766 576
469 566
990 136
168 223
649 656
942 495
841 248
73 70
92 294
122 607
541 819
325 440
310 260
75 641
663 256
280 727
118 609
14 860
128 923
20 665
957 916
176 951
894 81
56 749
388 187
534 390
383 980
223 771
24 331
488 888
50 547
73 642
684 553
498 401
153 282
708 44
927 834
747 244
832 661
129 368
573 838
8 942
229 144
72 828
769 465
21 936
734 838
56 809
733 689
510 794
61 552
119 278
748 678
506 713
38 856
721 218
746 859
432 683
877 983
270 191
40 652
114 261
77 655
575 400
652 947
493 933
13 615
217 52
329 594
701 474
751 656
805 364
805 725
78 954
389 565
728 343
657 813
847 849
507 956
277 692
597 123
959 612
673 423
714 825
1 690
683 622
409 405
961 832
411 291
701 470
53 794
653 568
882 782
230 350
156 533
265 985
280 533
103 53
13 269
755 634
311 40
629 93
452 898
861 299
715 524
336 619
530 158
859 601
641 270
325 301
131 636
595 195
372 200
814 803
263 107
965 349
91 640
383 968
840 9
191 113
873 485
6 154
778 195
640 224
690 678
346 193
807 332
115 388
651 928
492 311
780 516
198 973
955 228
441 924
849 111
427 145
321 438
232 119
696 678
169 618
332 18
165 127
675 222
851 854
566 319
630 738
47 679
213 482
749 240
470 499
678 820
792 407
939 280
514 347
375 434
583 873
416 955
109 226
346 692
682 74
645 70
868 273
523 694
782 97
30 906
142 192
806 91
740 299
748 846
297 138
151 227
66 985
596 511
824 180
620 39
804 302
970 50
862 508
987 861
823 499
532 908
610 508
439 458
286 587
214 825
305 115
676 70
702 962
13 12
805 677
542 555
963 498
750 974
474 717
185 918
300 65
484 422
266 241
822 474
689 516
324 478
29 831
15 764
106 327
663 780
423 107
377 841
731 58
751 55
113 839
510 707
187 284
872 500
746 469
285 247
821 37
761 924
206 619
643 874
378 14
167 324
260 442
833 360
288 35
531 993
75 493
631 692
540 785
632 754
942 933
72 588
929 814
731 742
951 809
937 363
606 486
853 71
1000 645
56 285
776 54
830 841
407 8
364 171
38 300
723 532
351 959
482 186
374 500
235 926
334 716
880 73
611 203
938 633
45 657
118 969
391 421
178 50
625 411
934 965
120 797
393 100
709 331
551 152
602 957
110 952
292 141
160 873
59 138
795 289
650 827
124 154
541 814
528 403
511 488
463 341
581 146
712 735
585 87
949 670
54 818
456 29
920 396
903 189
32 691
393 524
157 571
646 737
408 207
462 390
780 799
620 606
197 955
201 440
902 270
361 162
737 463
96 305
162 164
881 516
310 788
793 510
707 128
177 609
731 6
648 626
151 641
284 358
216 596
659 338
147 38
384 692
192 628
544 658
507 196
623 242
130 783
954 525
132 193
227 197
372 922
433 838
696 956
713 994
772 497
95 986
264 102
658 392
731 706
456 816
809 780
916 560
574 12
613 746
766 788
322 405
964 836
514 715
1 804
131 169
743 572
628 736
653 788
912 402
472 425
951 979
348 516
23 508
191 826
88 249
571 740
239 850
274 562
519 892
430 998
500 366
249 42
620 111
107 68
753 793
988 459
365 644
884 660
461 581
960 172
10 751
852 106
413 738
106 884
440 832
723 255
784 9
663 259
22 393
652 16
605 16
561 458
727 573
547 139
362 975
326 674
257 425
650 640
484 382
103 468
564 13
324 391
917 118
186 480
812 108
559 929
176 150
768 970
396 907
110 259
292 756
271 599
687 220
177 572
307 765
767 659
418 318
573 950
3 691
156 494
11 437
929 170
678 559
312 148
591 534
428 538
322 53
342 48
987 494
39 496
367 999
7 598
69 893
506 313
323 389
735 456
955 856
705 877
838 963
434 445
486 514
933 853
570 625
186 774
351 64
354 228
735 649
528 881
255 676
990 809
153 716
207 513
833 114
412 379
217 213
553 339
681 166
83 764
744 706
799 722
196 933
565 476
822 9
752 76
164 170
239 886
40 88
519 864
973 920
317 916
941 332
31 922
676 333
727 882
763 573
510 14
93 126
358 678
562 39
267 385
793 969
187 86
978 439
279 574
432 95
657 402
932 260
587 986
383 634
558 442
662 340
668 913
44 91
285 351
380 835
436 733
823 963
458 949
534 274
205 424
119 550
944 216
29 858
447 511
964 171
179 785
446 197
111 66
43 162
816 994
157 182
489 734
487 895
592 889
977 177
688 172
281 714
102 530
911 322
459 439
146 312
399 30
475 652
638 781
1000 125
998 728
664 308
901 457
228 339
377 639
569 121
222 369
105 697
237 428
216 608
792 519
830 195
613 721
524 832
549 697
381 909
147 685
481 267
815 218
840 942
35 652
679 443
154 258
687 924
340 41
306 73
198 59
680 838
459 685
45 684
305 775
782 819
255 15
538 479
994 173
832 48
710 49
986 82
490 412
670 226
116 374
575 809
227 951
178 369
175 426
461 670
172 343
979 33
374 597
249 873
175 669
783 978
898 376
975 378
428 15
525 695
306 751
626 760
236 876
609 270
519 409
742 34
928 874
550 519
583 761
823 807
777 603
389 226
837 647
569 729
567 290
717 497
707 167
731 61
750 267
893 742
806 553
536 61
640 491
825 33
704 994
427 269
530 438
821 85
90 449
143 121
646 352
907 916
934 431
826 556
886 916
373 719
249 465
481 558
951 33
550 159
164 558
369 792
402 216
852 915
798 601
142 221
880 364
687 444
535 670
900 9
351 809
389 524
830 24
986 584
465 891
687 944
109 632
462 180
41 232
780 325
304 534
88 376
956 6
169 332
156 606
585 884
325 49
165 664
482 524
980 243
253 847
490 3
571 278
93 934
614 147
645 799
888 402
724 248
250 643
418 855
352 223
11 4
708 276
504 266
512 798
456 109
440 626
955 149
150 497
392 757
634 604
874 79
750 602
110 501
862 932
828 524
794 652
443 470
779 80
391 782
638 911
471 60
788 482
759 905
543 408
765 24
948 370
416 457
551 957
272 813
648 740
849 37
751 261
466 751
68 847
986 470
327 384
605 464
367 861
649 286
189 589
816 825
787 392
256 448
243 592
281 819
801 36
660 873
476 910
994 719
977 923
65 225
657 549
415 829
56 476
332 313
425 233
298 377
890 511
329 517
91 674
38 111
833 149
744 856
528 933
784 575
725 43
347 845
633 704
631 981
529 269
468 47
75 839
725 129
943 62
359 388
469 579
676 229
145 405
131 70
266 739
156 563
64 228
582 52
291 157
525 396
563 873
62 289
309 545
954 438
884 939
206 347
524 68
905 990
871 159
16 819
895 801
71 855
241 772
93 827
441 458
849 581
231 653
143 950
625 962
310 36
917 4
633 463
462 483
780 828
506 787
271 699
38 658
670 11
976 991
849 359
903 70
85 733
849 240
744 474
194 807
671 331
252 209
894 640
91 85
369 267
9 330
835 50
194 854
659 256
53 890
346 13
855 9
263 602
271 127
829 545
354 387
815 626
711 445
117 55
204 129
80 383
356 452
907 988
86 165
930 535
57 929
843 612
298 349
355 132
87 709
550 167
381 1000
644 168
316 809
189 21
317 64
1000 734
285 738
2 504
130 677
39 567
832 311
636 977
80 699
9 220
417 726
142 439
3 218
74 41
539 33
244 985
45 728
193 621
835 970
303 178
251 913
315 822
631 588
64 476
193 542
549 169
715 689
590 575
315 47
758 881
10 531
177 2
624 373
844 874
336 621
906 553
149 29
44 197
194 758
859 712
452 162
181 492
219 169
239 154
206 81
79 461
854 973
51 912
324 484
833 838
81 217
29 857
533 89
591 471
775 236
657 263
950 370
238 64
313 111
190 295
372 654
836 381
216 670
342 482
303 370
346 993
293 550
223 293
794 777
906 335
670 252
798 817
755 398
640 447
125 579
364 765
660 946
441 892
479 220
706 176
707 377
873 897
734 578
290 619
511 719
645 51
502 902
198 577
109 224
701 508
227 109
725 502
908 400
38 439
614 918
672 93
467 331
565 398
739 164
153 600
637 755
463 831
677 85
886 499
442 518
387 411
377 43
921 460
443 912
377 674
646 434
931 679
932 244
553 249
737 884
330 290
150 25
297 571
463 514
248 167
638 468
992 806
828 404
545 845
214 831
618 781
257 246
868 259
923 569
138 339
391 7
68 144
726 563
895 301
956 423
794 262
244 497
906 860
853 793
567 31
492 987
426 505
686 379
961 90
50 745
642 997
591 314
314 338
544 827
548 463
474 412
312 367
993 648
613 175
280 205
545 327
712 240
169 571
704 884
703 3
850 565
65 875
976 483
830 386
468 711
431 317
895 760
346 743
421 247
773 98
118 259
853 212
412 414
660 692
934 63
846 731
467 502
485 833
311 569
256 801
791 755
4 199
425 942
703 455
123 729
765 778
515 725
165 980
689 730
156 697
50 404
572 369
297 373
524 748
796 841
639 315
553 68
314 720
81 699
776 485
528 426
147 670
377 176
183 950
351 748
267 379
196 291
178 274
624 302
516 638
19 958
361 501
841 35
328 202
77 497
903 191
746 992
612 969
958 725
685 3
188 573
818 420
196 80
255 116
825 640
493 297
993 970
171 274
466 970
604 228
590 51
646 769
426 364
146 687
788 2
739 676
65 597
860 444
897 430
402 772
241 308
497 130
481 773
551 875
622 226
273 272
626 161
534 916
259 546
460 97
268 812
955 566
454 668
601 982
235 560
731 343
164 764
751 664
190 936
621 124
861 653
916 562
296 347
503 464
820 406
598 607
290 885
311 541
937 214
924 500
598 263
590 317
341 294
914 318
869 848
891 760
892 663
821 669
847 669
761 212
934 606
804 352
897 514
645 665
776 385
893 576
16 22
40 412
280 683
724 134
304 394
314 982
97 462
470 733
966 694
288 969
236 919
275 993
846 360
315 480
312 25
413 947
136 908
533 866
680 490
553 185
502 827
777 688
983 774
654 994
639 942
146 929
383 934
360 768
707 832
668 685
507 279
312 295
384 390
265 215
229 238
447 187
124 20
696 653
590 297
894 998
811 204
668 627
650 194
337 837
251 923
703 91
246 316
565 102
554 265
989 966
742 646
503 150
116 56
414 765
644 282
973 594
721 505
117 528
833 199
598 65
329 544
939 479
762 854
445 394
734 513
909 315
461 798
913 184
397 487
39 566
248 575
853 494
340 23
131 502
696 295
553 482
455 710
256 920
921 582
226 138
409 410
446 927
178 105
995 247
144 153
738 17
559 45
140 173
552 181
970 108
912 45
275 799
809 443
701 893
615 987
840 479
949 675
241 854
650 576
233 250
441 485
629 892
2 751
448 747
789 236
183 269
242 715
115 138
746 15
68 83
859 888
627 196
257 292
647 19
760 995
778 206
121 687
713 403
272 743
293 963
828 932
632 285
9 276
64 857
713 636
362 594
56 289
881 351
134 140
363 784
59 813
924 969
854 398
506 744
237 136
151 568
692 460
434 460
735 302
351 17
905 157
179 416
386 538
632 840
925 755
714 614
217 134
326 352
825 455
79 552
669 718
636 903
361 819
911 689
550 83
40 792
184 535
22 779
861 932
614 771
109 547
169 342
478 488
596 203
664 138
782 672
822 925
215 11
663 103
386 241
225 95
886 276
672 538
913 736
136 839
217 533
379 895
395 242
969 696
185 554
737 85
370 598
933 477
549 430
145 920
845 967
53 207
449 798
374 885
716 884
834 473
900 298
833 944
500 651
864 759
180 521
896 202
346 305
936 731
811 985
246 798
944 198
147 73
694 54
309 476
495 257
794 584
730 842
694 929
242 32
245 48
640 493
91 781
789 708
42 350
901 410
575 247
43 942
156 327
468 593
329 781
716 399
420 732
55 799
170 39
468 273
407 438
467 667
570 363
713 971
660 710
436 909
506 494
399 59
312 795
848 829
639 631
344 108
17 442
623 558
352 951
633 554
781 312
505 159
503 636
344 27
531 305
60 239
667 433
852 883
510 831
729 232
123 585
640 887
550 462
270 299
425 511
981 450
550 681
508 808
235 32
16 43
698 613
732 878
50 170
442 236
410 334
654 741
414 270
141 494
783 899
25 45
153 480
906 750
129 31
662 163
913 209
672 883
569 537
436 736
556 241
719 807
496 926
957 878
229 23
160 738
807 384
246 890
798 221
745 553
711 804
752 560
567 256
646 913
389 392
177 614
897 429
63 118
66 438
512 4
398 489
385 738
441 723
464 357
526 997
237 19
130 778
754 191
848 251
976 448
460 241
243 707
9 927
674 923
199 148
365 172
613 646
356 433
142 12
329 523
740 287
212 336
86 377
916 930
153 614
557 976
529 259
892 545
218 720
809 19
222 248
852 151
65 291
675 950
69 363
732 701
669 643
566 977
991 332
559 8
187 182
670 915
72 592
309 781
329 71
130 400
64 404
548 184
876 275
658 986
314 868
277 99
28 742
656 199
107 359
788 588
847 35
244 20
318 823
407 578
64 528
956 723
883 203
702 921
738 538
791 440
512 565
362 970
471 252
715 834
893 963
385 145
8 884
730 625
513 349
200 176
419 494
133 676
107 931
91 38
627 152
639 612
977 675
744 476
814 596
428 503
565 722
713 583
401 645
73 992
682 542
228 68
638 651
87 131
402 873
484 76
801 85
329 884
552 681
26 828
632 591
851 815
138 910
511 725
845 309
648 847
332 456
982 118
624 638
768 440
900 173
47 673
429 755
730 326
361 792
401 82
450 635
13 837
195 894
936 360
900 451
709 605
359 340
883 870
76 435
890 98
526 428
965 884
827 321
884 580
331 588
170 962
615 756
942 412
563 937
268 123
487 65
54 556
420 398
188 162
266 532
68 408
340 357
292 192
887 89
848 559
743 225
728 774
603 946
395 201
182 307
205 754
115 253
757 310
727 450
376 586
878 986
408 10
870 462
882 440
936 736
828 566
409 608
647 491
954 908
521 551
358 540
294 500
778 428
647 304
691 832
711 637
731 67
553 871
403 92
191 197
88 602
427 163
699 670
207 851
544 733
964 618
87 389
401 284
811 457
260 81
947 825
803 829
553 658
619 657
946 451
527 162
321 565
986 960
347 774
900 16
815 231
13 873
169 443
957 50
317 211
886 671
412 713
127 236
768 718
408 652
500 306
69 291
588 705
19 710
352 377
313 997
888 667
128 612
746 601
981 414
250 392
931 681
667 870
974 585
171 876
245 403
317 550
956 323
704 236
547 905
724 231
659 928
32 325
954 364
499 393
266 874
684 324
399 883
117 963
965 317
457 622
171 296
119 662
529 706
794 230
205 512
765 113
215 16
253 349
219 85
882 303
242 974
977 1
405 1000
428 447
824 396
751 51
976 199
177 970
381 618
521 317
225 966
834 940
601 591
268 778
911 208
18 353
274 247
600 279
354 329
596 663
786 858
425 242
239 481
1000 378
435 41
436 278
276 703
719 763
706 436
653 667
982 297
485 847
492 93
330 896
717 532
810 374
190 748
156 772
88 114
365 634
387 104
669 578
602 615
126 633
109 629
757 825
978 566
563 112
343 1000
771 31
560 730
810 955
232 827
28 620
670 967
714 95
880 811
115 998
900 584
461 558
478 596
228 568
635 104
40 305
463 337
466 23
96 120
149 994
25 44
62 323
266 782
497 485
122 286
90 586
883 267
370 458
885 473
337 147
45 226
836 243
54 916
414 41
564 854
632 120
559 905
655 718
12 636
806 878
202 862
42 523
794 570
445 734
731 237
163 585
812 426
191 63
74 779
328 535
310 923
648 630
61 543
412 175
109 499
95 800
575 234
274 268
209 421
484 873
347 846
431 354
472 881
409 726
318 144
109 21
146 33
165 259
203 80
133 293
528 777
173 538
178 910
714 556
843 896
430 264
680 739
704 584
330 932
882 761
406 369
905 438
86 489
156 872
285 652
457 319
790 491
23 504
174 892
171 444
644 981
896 992
602 157
452 757
15 664
931 865
533 541
808 961
348 981
633 1
705 412
580 536
141 384
16 687
358 53
90 703
606 735
25 8
965 356
593 155
234 561
419 256
441 312
764 815
387 830
34 185
388 608
813 193
525 589
231 620
159 467
306 773
113 545
845 240
917 227
828 898
138 218
546 207
750 343
841 537
146 577
318 451
946 920
450 203
638 648
198 885
219 266
30 306
665 660
573 987
643 793
185 511
351 430
774 657
643 678
864 675
424 720
563 947
119 51
1000 291
490 849
632 430
806 161
790 826
248 867
416 771
805 279
916 976
539 407
904 56
523 798
505 229
771 296
627 866
502 202
142 267
899 140
726 709
984 484
841 445
877 423
936 391
406 127
174 11
895 71
951 721
662 812
23 226
61 427
637 908
837 218
505 289
527 690
362 250
514 239
775 660
372 55
210 950
693 827
610 311
538 8
480 464
962 812
943 531
131 611
81 828
907 194
12 294
949 579
336 654
23 678
104 762
157 400
140 578
492 769
440 668
511 493
347 191
475 994
95 565
82 704
217 607
589 143
651 820
122 740
708 803
103 811
548 692
695 551
698 377
846 945
759 656
744 215
636 477
928 270
88 603
694 741
255 913
19 47
901 53
483 26
726 202
969 839
91 961
264 21
481 554
469 196
52 988
554 122
458 343
591 901
449 184
13 791
493 719
523 826
356 729
838 717
371 167
532 708
292 289
892 618
197 364
89 371
274 743
153 974
615 650
447 788
123 540
785 241
731 861
785 978
719 408
335 99
926 834
785 130
899 390
278 961
376 479
763 733
935 865
909 524
690 400
257 22
469 971
845 628
438 138
774 560
277 248
690 355
767 787
935 583
37 664
685 28
154 996
791 694
71 937
42 901
78 127
595 851
101 166
873 405
926 425
177 670
733 929
334 173
243 173
685 830
190 484
907 460
641 184
989 584
441 82
92 784
357 494
589 179
147 160
95 702
59 636
655 295
252 395
77 880
460 120
902 867
146 427
223 171
80 171
977 947
119 611
808 703
848 160
740 406
100 900
855 532
89 429
986 933
588 945
166 283
204 938
192 930
834 273
241 29
856 457
903 772
568 445
257 762
203 354
95 272
744 542
119 565
175 136
344 140
544 931
785 800
810 425
278 131
562 310
726 525
430 62
503 668
458 49
865 367
645 633
384 967
852 83
503 781
992 854
790 153
222 975
685 461
942 68
698 552
664 760
990 432
690 803
244 50
542 761
724 772
175 716
141 492
14 842
418 851
670 883
413 940
695 58
383 574
362 871
658 811
606 514
370 346
776 947
337 35
875 559
438 291
850 867
45 387
474 127
772 954
190 275
630 23
726 513
531 693
418 390
367 857
575 132
116 607
824 280
952 461
716 350
551 734
60 730
319 811
322 93
703 898
678 742
471 636
240 510
722 730
912 858
240 50
496 167
593 335
759 126
207 994
400 86
394 848
434 357
753 1
347 720
169 208
478 497
78 928
762 817
869 635
122 208
433 603
565 338
70 784
734 315
729 89
602 713
514 631
435 290
130 332
135 733
235 113
369 444
224 398
905 663
691 130
143 819
644 756
280 411
98 282
961 920
157 839
547 451
732 989
37 493
258 458
18 278
755 533
934 708
280 733
614 360
659 987
841 988
144 380
309 606
310 393
760 236
45 180
543 181
260 495
107 647
883 230
620 802
742 31
595 779
430 752
894 309
716 525
909 860
918 517
837 603
538 536
355 716
932 387
871 684
638 649
347 368
618 733
52 219
937 635
213 456
436 169
395 941
773 22
591 819
243 673
355 59
756 180
507 852
803 771
364 955
576 997
402 152
783 905
77 538
810 780
304 918
957 187
27 186
859 590
729 4
389 889
714 976
715 105
37 77
493 635
867 178
101 922
714 803
971 226
131 25
39 896
500 472
411 313
37 175
274 531
494 910
642 197
179 946
576 46
136 991
619 128
819 322
552 71
864 361
992 798
576 93
577 692
236 615
609 27
383 656
352 44
558 76
361 434
861 485
366 573
756 205
776 877
358 417
31 453
641 433
831 610
758 646
707 912
661 787
323 923
159 289
971 871
537 241
665 420
958 737
637 416
837 686
309 453
220 672
829 782
333 511
305 368
979 565
211 927
587 804
744 329
581 587
543 749
195 371
773 360
955 669
830 283
194 41
824 208
919 707
287 541
902 791
290 689
484 802
22 706
123 467
144 572
520 295
630 390
377 348
783 214
491 292
387 225
282 969
653 710
505 128
456 988
107 957
342 652
71 326
867 319
619 846
605 495
255 10
58 594
373 219
197 397
291 200
74 216
661 143
443 5
26 103
396 437
179 575
918 22
500 65
317 661
233 330
106 216
89 814
920 438
225 318
281 252
85 974
712 824
334 32
306 537
89 349
842 423
701 608
484 78
353 722
974 291
586 928
860 7
71 936
208 422
922 494
7 64
927 883
15 597
452 273
953 268
217 507
264 615
906 954
584 80
12 553
699 865
332 846
852 487
579 471
427 98
157 149
450 129
695 405
792 172
48 287
951 671
855 211
214 217
204 487
170 147
310 955
673 104
792 166
973 309
363 543
971 220
899 523
568 751
21 777
460 351
961 454
635 171
302 590
138 727
1000 417
929 800
435 43
256 694
539 417
406 760
959 964
982 303
266 309
169 4
613 577
482 197
198 696
911 662
615 600
247 628
13 28
2 303
727 979
504 851
269 963
272 41
435 487
143 990
98 375
154 5
425 492
250 426
509 335
435 532
899 485
885 20
32 671
780 416
641 686
144 386
240 603
477 258
841 569
119 929
230 122
50 980
234 9
310 418
183 80
702 992
168 407
633 325
345 781
110 527
127 599
18 934
756 5
3 615
780 789
654 778
681 1000
388 654
827 883
177 697
803 349
328 827
185 150
257 353
907 491
343 253
327 536
972 723
683 256
484 53
160 963
640 984
347 279
721 102
333 280
741 107
392 310
855 247
12 819
860 559
5 54
613 929
30 667
512 182
697 126
471 639
366 275
482 276
982 105
930 524
844 74
293 476
958 454
303 151
285 616
230 12
749 468
640 520
326 431
271 474
866 208
26 411
339 848
322 542
711 24
400 188
297 196
706 696
670 775
982 533
253 667
161 885
1 728
420 6
334 580
943 170
213 585
2 162
115 599
705 481
675 665
123 948
718 537
334 358
136 947
68 310
965 64
412 832
272 307
1 363
229 332
337 467
90 701
901 889
150 295
561 460
862 527
508 499
382 268
383 989
634 637
903 929
46 743
784 444
302 132
327 990
869 151
172 201
172 71
432 870
979 817
950 504
510 547
332 775
722 379
508 64
200 401
96 578
802 402
622 275
548 658
346 22
328 565
574 662
422 355
316 738
668 591
290 22
691 918
618 730
677 663
372 853
216 421
927 655
252 291
588 133
327 435
330 661
111 488
332 459
392 48
138 540
507 855
34 605
240 362
458 305
630 443
812 972
482 427
969 907
922 531
545 824
179 102
631 948
62 401
469 497
19 574
627 789
350 428
45 578
961 857
448 180
965 881
931 545
131 937
829 194
944 948
219 736
182 532
273 456
168 162
84 218
942 18
230 288
24 161
280 651
600 340
499 615
305 72
180 876
987 532
953 676
622 606
131 724
685 165
98 513
851 197
45 6
546 182
585 17
306 626
235 408
366 962
813 1
189 408
263 96
769 251
842 531
681 919
276 413
333 156
326 76
90 947
273 336
647 15
336 287
154 392
262 43
160 557
413 181
884 622
637 855
185 206
574 592
8 625
225 733
538 530
30 422
16 720
295 6
498 142
891 429
216 611
507 420
273 556
860 608
442 482
920 821
333 288
635 928
545 408
982 183
506 756
103 954
458 627
800 842
860 646
661 595
757 750
648 878
284 74
925 803
658 443
949 328
200 841
976 282
740 323
209 653
230 817
932 969
470 42
575 659
924 393
340 192
633 643
579 741
193 290
211 379
598 434
321 646
325 182
628 561
978 736
64 416
541 722
429 881
197 396
783 661
224 203
164 91
615 789
432 275
515 184
516 391
978 258
63 676
376 80
380 552
235 503
928 881
348 14
849 631
614 305
10 387
449 865
283 925
488 921
956 444
188 534
281 364
637 353
430 591
876 651
743 251
310 225
768 793
271 766
350 710
497 959
794 549
869 175
742 183
485 214
455 832
198 913
968 240
882 298
803 904
47 901
155 974
462 766
393 981
399 203
458 84
223 503
962 357
891 329
546 100
608 736
682 868
773 331
80 30
356 187
380 289
536 801
954 624
21 935
575 64
190 38
624 545
449 120
810 83
721 436
705 815
914 53
971 172
278 785
421 67
762 795
943 450
484 549
527 131
786 123
435 91
751 609
844 261
166 281
39 613
787 124
178 203
478 174
652 551
395 598
179 207
967 350
326 98
866 47
683 687
746 994
232 943
533 661
183 796
301 433
528 379
433 249
37 503
277 312
447 748
304 362
253 841
288 819
845 645
205 550
23 917
102 182
162 763
98 969
690 704
390 267
176 899
374 826
50 932
695 52
129 19
659 671
642 851
71 911
441 146
600 729
251 551
747 602
909 711
968 157
346 273
862 825
21 263
573 826
564 663
727 229
608 339
440 453
663 809
122 683
975 737
110 72
540 575
565 924
307 900
454 565
788 501
975 777
318 4
690 594
829 648
422 38
460 237
152 518
7 760
143 456
402 178
611 336
117 519
632 789
373 685
635 182
653 555
564 122
344 477
17 265
734 686
826 701
773 978
445 97
28 143
13 861
485 864
624 820
861 569
402 340
249 225
62 506
530 88
342 602
112 119
312 537
22 836
445 679
959 729
770 922
164 189
3 121
614 701
631 753
1000 789
371 448
406 193
559 389
908 131
755 614
404 994
867 596
425 585
210 977
1 362
384 414
681 664
62 897
908 481
348 49
306 591
383 591
956 501
101 282
68 213
398 630
73 313
33 507
101 768
7 122
928 825
780 826
897 114
918 936
10 189
181 35
267 806
826 59
935 367
828 925
116 927
485 238
968 776
641 230
241 378
422 273
8 549
617 231
910 522
379 212
272 870
661 348
683 508
995 446
656 578
595 728
9 221
321 339
854 359
929 28
702 452
489 517
53 140
899 676
755 286
95 769
758 431
445 818
713 822
109 101
916 765
938 85
721 355
889 69
911 954
39 127
356 593
655 385
752 278
398 154
769 774
221 589
278 508
815 207
729 10
532 547
383 201
706 362
501 158
145 474
88 265
136 739
696 411
735 794
44 639
836 739
201 940
239 748
956 196
685 386
2 73
303 587
486 959
583 487
337 657
525 64
797 889
10 541
799 353
266 995
736 426
144 459
700 176
757 385
409 985
227 894
465 673
250 709
953 532
295 509
484 394
250 820
768 655
861 276
220 208
771 532
811 611
557 123
730 593
840 49
289 797
772 862
718 54
21 462
152 19
194 914
26 867
717 454
935 275
114 157
232 208
646 335
119 349
530 570
696 686
345 256
588 452
275 45
646 236
797 112
998 723
638 570
952 391
630 762
248 932
66 109
174 298
655 199
967 817
694 619
660 815
972 73
227 2
543 914
360 993
89 37
551 391
455 498
974 872
96 939
866 689
674 590
622 872
145 164
48 738
169 46
5 688
43 517
100 626
790 551
972 446
434 520
305 687
261 750
415 678
297 259
887 674
102 478
943 252
446 956
620 31
801 659
8 201
363 14
454 475
992 990
758 181
373 217
729 433
532 916
771 180
810 722
225 82
266 564
139 270
73 6
495 987
188 817
10 561
732 822
325 376
163 21
367 285
738 387
330 809
775 778
685 802
154 880
984 575
824 852
277 118
188 535
208 645
466 992
488 184
180 534
987 142
57 325
971 947
742 180
741 762
213 252
774 115
741 484
63 200
62 261
564 547
786 549
277 884
8 765
499 828
952 308
950 707
441 817
795 654
891 313
221 866
708 466
263 809
982 67
126 929
930 486
570 577
593 352
316 905
506 491
9 709
696 356
576 573
134 681
122 187
25 831
950 783
844 262
207 454
8 136
209 889
249 308
493 678
65 400
199 866
773 671
297 238
460 654
970 360
47 478
875 297
527 928
586 300
877 475
535 373
23 65
196 523
641 898
808 141
184 679
629 507
775 571
374 750
348 973
999 46
839 577
864 275
754 987
116 448
706 790
690 435
49 57
488 615
430 910
126 57
42 834
349 326
503 756
524 46
581 43
860 118
715 861
349 759
44 139
851 365
319 259
211 650
456 227
58 913
989 675
50 647
24 865
589 370
261 279
121 826
587 785
881 572
589 195
238 403
167 941
224 621
760 655
265 189
854 745
211 857
751 83
755 148
890 693
982 141
623 923
91 876
826 489
117 996
137 68
657 653
114 21
755 434
407 465
617 437
394 707
839 306
368 405
482 389
856 650
964 829
852 77
677 420
71 85
626 268
420 979
903 934
725 424
636 853
571 798
630 383
407 36
946 278
654 31
322 540
506 225
566 827
437 893
459 669
706 694
993 35
999 799
486 694
452 610
594 695
39 878
888 616
245 53
173 312
503 893
567 616
770 778
787 664
297 484
454 556
979 128
448 840
620 246
758 876
923 473
671 879
571 331
849 557
546 519
895 274
292 911
991 783
300 114
29 556
55 802
659 845
732 109
401 973
974 214
478 993
375 607
146 923
59 874
133 687
744 434
822 53
993 601
263 721
751 6
285 6
986 437
199 448
464 439
910 698
142 800
345 340
647 745
321 195
927 649
273 864
845 304
354 269
635 228
336 613
88 651
950 975
960 597
905 244
191 531
229 684
782 1
751 555
520 413
249 259
575 471
344 41
606 321
411 141
821 586
331 498
829 111
746 959
944 807
230 708
343 831
330 166
334 678
727 917
966 91
827 995
710 92
782 633
432 504
159 127
14 918
418 807
277 224
650 586
10 493
323 894
965 179
242 626
794 301
561 285
465 401
361 64
931 204
161 597
479 752
704 466
858 523
305 441
417 199
94 985
590 848
263 256
713 405
401 715
973 91
750 375
931 443
181 56
57 10
384 854
773 452
702 506
320 852
601 709
138 845
521 658
453 948
147 249
864 613
385 700
960 868
501 652
800 733
394 418
592 927
332 410
740 111
868 36
597 482
451 82
626 114
476 845
772 290
762 658
912 677
307 157
159 900
455 493
807 792
539 879
482 77
190 874
783 211
696 235
203 493
776 3
78 927
781 270
648 477
244 614
912 466
364 207
879 666
331 414
779 898
283 339
178 7
988 813
519 956
424 155
156 626
514 348
726 530
727 922
776 607
870 931
410 197
175 583
733 505
516 385
573 336
617 576
710 971
159 83
310 453
37 563
149 969
261 655
33 608
159 224
845 961
847 151
137 514
849 279
979 756
160 732
286 12
234 325
702 692
656 628
685 826
246 921
745 87
87 96
72 263
54 363
458 800
350 722
974 296
134 211
684 197
545 344
843 607
50 98
275 475
95 698
578 640
116 583
299 417
816 789
21 564
333 706
993 725
198 704
513 644
553 983
170 33
613 795
523 495
872 155
511 177
235 589
274 3
5 497
854 278
156 99
484 592
322 279
431 427
288 171
398 160
221 515
759 7
28 165
127 425
401 29
41 54
204 934
905 413
88 119
360 764
73 791
581 894
296 132
370 893
762 106
526 361
788 848
588 738
183 798
196 740
904 673
361 732
362 175
71 581
330 321
376 470
791 204
448 931
391 322
405 373
340 666
253 839
883 496
816 407
250 651
948 968
823 204
883 353
188 581
742 484
586 880
881 832
827 102
774 419
354 960
654 777
607 875
42 613
243 28
614 61
405 443
16 636
972 639
663 954
46 936
750 700
733 562
258 840
833 688
599 937
381 408
230 946
704 855
119 260
817 584
947 553
454 555
238 242
973 325
423 868
897 787
657 652
450 898
731 319
702 236
27 436
322 200
324 782
235 710
911 977
92 837
408 956
373 860
653 698
782 38
624 822
610 889
900 469
832 291
468 55
866 94
407 311
122 446
469 587
930 975
491 15
18 661
993 321
575 907
409 304
822 940
734 232
405 292
602 870
628 666
295 757
425 591
541 777
415 44
698 968
905 966
965 222
201 353
755 646
314 64
847 222
44 217
998 30
46 379
339 495
676 790
647 151
558 278
725 409
896 281
243 248
923 772
399 435
323 48
489 344
72 496
555 397
759 244
974 497
527 407
651 958
319 4
12 748
125 853
806 542
94 796
845 124
725 934
601 744
915 882
73 891
385 599
192 859
453 924
583 750
303 199
159 931
259 293
886 980
134 743
88 785
364 966
165 179
350 113
83 534
973 833
250 45
934 201
209 832
728 208
306 90
204 637
387 423
226 133
120 640
93 344
122 466
201 961
153 870
417 963
951 300
218 976
685 639
116 283
102 274
50 185
931 768
376 55
564 495
718 491
849 520
760 157
888 466
710 895
894 232
839 135
922 359
120 171
287 875
271 630
127 616
789 245
974 51
975 286
561 126
210 356
194 609
486 505
822 103
58 208
24 32
778 201
816 12
798 140
220 700
811 771
99 565
906 21
547 797
931 442
860 460
954 889
665 714
663 851
703 902
261 255
869 106
119 351
873 879
110 6
203 928
704 927
475 868
860 530
534 855
891 140
982 37
784 855
540 378
227 4
997 488
696 665
906 150
596 542
423 530
562 602
226 607
191 566
118 217
68 312
795 145
335 328
389 672
672 452
107 217
109 907
884 567
371 577
186 894
679 865
839 825
435 53
2 246
828 78
352 383
218 235
710 46
527 620
552 152
740 819
573 254
166 700
120 890
118 645
959 111
313 419
656 246
932 67
168 272
611 516
980 343
572 937
757 355
827 856
524 4
945 89
799 130
898 1000
163 228
684 322
546 447
965 295
694 239
947 594
309 259
132 780
777 753
480 735
997 366
720 517
810 867
906 934
245 834
655 609
475 965
616 4
561 836
963 56
211 959
87 506
742 708
94 724
546 733
669 246
708 780
588 490
806 433
388 80
863 672
332 40
351 348
854 429
559 715
68 626
806 256
592 124
494 300
477 368
265 498
56 457
796 413
745 448
89 7
915 505
274 403
627 515
131 294
152 971
434 205
311 561
848 963
813 847
208 546
800 166
515 733
744 515
853 431
965 677
472 326
550 449
689 547
356 984
35 433
453 98
625 401
168 238
353 54
460 878
580 659
616 748
325 989
396 454
843 439
957 951
867 573
226 431
653 170
778 628
344 606
197 775
383 711
754 985
168 268
925 739
102 181
965 249
287 13
366 526
228 619
445 643
410 504
817 131
214 573
641 509
879 325
43 571
348 490
46 574
279 737
471 55
627 133
862 828
612 727
524 413
133 522
727 230
711 797
694 21
773 394
519 154
337 960
377 883
963 20
68 688
17 962
971 513
897 422
756 709
557 500
426 118
124 127
18 300
57 178
778 370
212 522
543 566
69 911
952 65
679 54
665 988
243 712
503 138
568 145
451 932
623 373
401 222
790 784
41 375
276 746
207 646
84 435
450 677
752 493
970 444
502 113
412 361
697 528
585 681
718 929
34 23
2 412
134 949
342 712
240 782
168 59
350 327
614 688
575 906
526 330
107 62
117 233
45 892
748 317
567 923
605 324
823 269
774 723
433 482
637 595
948 830
328 159
554 661
776 331
895 284
962 885
610 162
176 930
999 306
227 683
710 675
72 19
179 809
183 289
846 483
832 573
410 591
474 314
115 4
398 339
711 461
267 859
270 590
162 111
823 870
147 257
976 871
941 663
780 546
177 554
707 486
362 614
769 302
224 523
704 773
670 126
764 141
312 158
243 390
748 665
341 797
142 806
713 682
218 791
922 933
385 711
8 262
544 712
66 4
929 898
878 479
792 390
481 539
958 23
743 999
263 896
363 798
910 69
605 883
473 216
277 840
760 849
758 275
246 39
249 257
982 363
457 332
633 747
728 209
691 455
140 327
75 794
630 200
504 800
148 825
178 496
804 396
859 207
581 314
885 39
316 358
945 338
999 227
802 701
624 287
111 547
2 53
819 333
334 326
728 781
983 623
14 916
128 963
115 965
408 371
392 856
154 795
48 639
304 132
453 493
849 408
886 338
150 455
957 973
284 845
582 442
965 322
902 317
634 925
820 734
536 269
720 538
920 236
189 825
779 147
599 882
67 389
720 425
683 319
556 71
959 410
375 835
980 871
195 489
379 260
967 639
950 331
76 348
95 576
276 878
635 567
66 326
330 456
808 939
254 727
191 372
116 668
867 105
212 979
798 830
602 167
311 921
345 918
521 912
661 607
477 546
642 58
947 367
23 986
256 687
96 942
498 590
748 818
435 555
291 691
298 457
131 547
305 595
235 798
843 223
511 933
331 259
313 780
154 264
373 900
972 132
249 142
182 682
829 113
391 442
936 105
611 809
64 420
357 737
947 363
808 35
737 899
420 425
3 195
595 285
279 374
603 870
881 35
606 895
755 547
990 478
386 376
402 220
604 324
297 732
390 291
304 160
124 545
174 461
34 281
187 253
723 415
637 381
253 116
533 162
370 304
881 900
493 438
936 707
617 822
543 430
357 391
964 241
489 279
868 789
996 290
924 672
394 354
971 612
20 152
777 803
940 281
686 717
194 151
57 149
761 937
941 897
15 20
536 805
424 543
997 442
69 827
785 873
518 292
481 579
156 125
449 237
674 365
642 842
916 551
467 780
403 716
904 103
907 876
680 526
308 727
401 19
23 380
631 971
703 462
805 443
469 452
529 499
359 288
465 881
800 278
801 707
770 946
348 682
47 581
680 865
780 383
377 206
31 951
404 603
277 467
814 170
969 387
383 369
153 206
690 479
174 180
196 276
418 762
75 657
594 899
704 207
248 59
379 787
291 457
555 884
332 803
242 553
974 846
454 159
599 615
125 508
292 997
149 92
744 291
172 83
251 586
794 658
614 51
597 249
140 512
290 117
937 982
827 326
659 385
519 149
959 466
793 477
47 756
158 311
587 995
570 159
722 434
135 608
892 6
747 781
425 309
891 198
857 474
195 735
164 662
176 380
699 735
103 774
407 466
13 631
706 414
302 623
928 42
640 670
402 193
26 629
120 807
304 895
35 737
288 674
130 727
878 157
482 226
504 918
670 761
88 85
948 507
40 216
277 533
745 917
342 16
126 412
719 425
332 1
978 533
923 188
288 629
5 779
889 7
157 833
221 90
499 296
425 589
779 682
503 924
966 284
723 121
709 54
12 170
144 836
288 962
609 98
866 809
154 951
33 558
628 41
738 569
613 443
120 256
157 389
358 270
984 873
587 720
73 654
808 173
133 684
422 22
51 815
769 444
788 392
438 257
385 395
742 369
280 159
906 127
870 260
324 680
205 547
774 62
206 652
483 265
929 167
15 430
532 4
971 556
57 92
9 193
930 331
34 884
734 989
114 422
481 937
411 834
798 850
626 77
403 294
960 569
62 41
834 30
691 699
393 348
894 842
186 781
26 550
479 384
230 782
319 555
14 63
952 188
592 355
83 987
192 881
965 602
201 741
623 622
130 699
922 655
80 550
120 531
635 436
654 254
200 615
804 687
961 468
230 763
947 225
731 886
736 604
528 785
330 165
993 355
633 964
504 144
237 414
970 917
827 996
476 206
366 980
225 74
903 587
983 761
675 696
257 887
849 765
81 523
667 780
248 4
563 847
124 943
768 613
336 743
126 229
959 802
652 47
675 406
896 473
864 77
920 463
319 503
11 14
625 985
548 255
733 805
96 150
594 109
530 901
488 832
125 21
664 835
439 559
797 697
211 564
17 879
371 8
478 167
379 263
198 825
159 589
774 350
635 566
7 905
929 67
858 219
237 238
682 909
220 988
152 676
25 730
851 866
1000 104
881 475
687 621
869 330
82 876
530 472
235 610
270 103
476 840
701 385
312 278
467 631
378 166
454 787
253 495
709 624
174 626
411 76
434 295
198 276
697 667
647 893
653 704
160 315
737 567
899 832
416 717
907 437
27 13
908 914
156 687
160 542
236 509
80 517
348 711
258 251
2 544
325 177
587 162
184 655
793 743
701 950
867 434
687 135
193 583
396 476
179 916
74 194
936 249
937 826
314 693
814 469
960 239
887 988
505 710
234 492
847 717
573 365
131 678
633 194
404 409
840 484
604 325
510 160
168 417
280 795
832 856
816 381
30 706
504 505
447 772
766 497
239 339
611 740
392 708
245 558
122 470
180 611
736 19
112 861
295 370
81 162
779 33
488 188
180 530
362 669
200 240
312 394
384 23
349 945
7 207
159 400
57 442
538 555
854 705
931 709
730 851
319 112
973 915
449 337
232 95
474 132
648 977
488 436
225 990
307 536
273 668
865 986
528 306
372 906
798 682
223 33
563 444
161 21
519 913
367 868
374 38
481 300
208 548
943 446
729 70
838 288
312 514
334 963
607 799
541 623
38 511
361 935
123 576
103 20
878 976
166 508
683 674
535 76
766 593
480 194
753 329
265 878
98 731
297 541
317 578
197 252
895 405
936 868
844 853
653 313
729 691
573 482
886 325
650 513
903 177
119 812
840 367
880 656
793 298
251 589
858 607
859 778
838 834
862 915
102 868
394 37
158 26
486 391
73 610
789 924
167 984
689 344
233 868
513 938
971 690
111 143
349 774
635 513
247 351
730 823
726 299
85 401
693 210
34 849
483 202
379 45
911 60
848 244
955 840
117 638
716 59
365 163
458 263
919 630
958 456
616 255
946 560
484 358
910 111
327 235
437 935
776 79
541 337
139 817
981 26
654 112
752 382
222 86
953 812
813 945
226 13
283 510
31 628
657 205
143 538
476 453
710 330
344 879
818 939
58 532
352 313
491 380
832 115
689 990
407 887
875 55
268 223
880 847
633 382
370 693
465 655
410 312
235 293
880 990
81 959
27 561
361 479
842 406
127 736
646 558
336 523
547 183
50 581
846 481
557 18
210 383
998 236
603 764
803 494
663 618
722 226
7 134
64 984
107 922
450 336
328 684
857 102
77 975
918 655
243 392
533 201
471 680
700 854
38 853
440 196
905 30
264 914
262 653
692 498
341 140
859 323
256 598
360 362
859 496
97 745
259 294
575 276
240 69
718 48
880 336
626 300
284 569
830 162
333 890
856 281
748 863
108 62
547 997
118 99
173 623
732 747
783 409
643 362
917 919
437 861
611 190
995 863
671 154
914 427
468 93
867 409
795 468
653 14
583 333
896 781
149 735
408 599
80 980
942 20
140 54
452 864
549 350
552 78
572 17
549 303
410 399
897 951
348 215
725 973
283 804
837 373
896 329
202 956
665 60
918 990
428 174
360 268
287 741
440 676
479 525
138 23
530 789
413 143
696 597
750 648
590 113
907 343
389 422
851 519
546 235
518 141
102 526
964 445
358 996
673 804
475 664
299 470
636 469
915 832
195 265
638 575
353 4
398 430
826 429
178 620
565 64
640 313
259 932
627 699
843 817
369 159
367 636
406 612
881 701
69 726
43 747
706 425
502 12
126 872
259 907
22 551
4 214
558 725
207 489
447 231
416 662
368 191
98 8
795 146
870 746
744 554
193 292
624 960
594 545
143 594
957 442
300 611
373 51
596 973
72 514
911 601
326 139
718 697
735 869
832 12
540 373
726 616
639 153
109 682
348 998
704 118
328 304
135 960
802 735
602 861
771 200
443 139
617 580
524 944
338 95
67 551
528 51
214 842
749 875
897 866
250 738
660 455
609 425
174 491
401 905
219 142
839 584
405 797
673 549
910 826
205 308
388 153
812 40
150 707
293 350
462 337
195 54
214 502
752 937
521 586
301 126
333 412
815 872
411 638
588 406
328 740
699 983
29 84
643 968
626 176
833 458
9 24
467 820
108 578
553 987
743 984
239 470
679 156
422 143
481 577
785 957
855 959
89 4
397 323
535 573
973 528
299 609
553 789
268 752
783 307
218 595
616 418
50 312
877 325
138 923
790 452
95 280
795 126
500 488
597 966
799 670
213 973
434 42
752 49
382 972
199 750
718 874
469 937
809 935
123 560
841 381
54 626
676 137
352 831
788 963
454 331
370 654
316 296
787 201
89 994
533 625
904 765
511 415
278 852
652 97
159 51
586 237
658 654
440 911
37 723
884 970
131 530
871 252
619 367
987 451
453 223
112 747
665 75
408 220
929 462
514 797
90 962
827 491
760 921
291 652
402 999
893 102
50 640
380 927
197 575
993 560
220 400
673 946
394 181
509 750
807 267
24 138
483 495
156 415
103 794
877 707
588 442
660 31
91 709
904 457
685 572
285 174
413 409
26 814
885 917
561 583
925 510
857 472
910 338
548 859
368 315
384 560
973 466
460 235
83 800
445 153
159 971
199 142
347 699
386 553
705 781
647 934
715 21
999 679
965 635
805 378
329 561
517 438
774 562
196 638
321 210
734 291
258 996
429 935
515 826
787 961
335 269
391 448
992 556
679 708
295 915
540 270
154 497
27 869
31 917
639 192
396 22
144 199
643 47
700 68
261 912
979 399
547 459
468 384
896 721
549 185
254 433
464 832
37 405
535 122
993 39
244 239
542 690
623 783
880 35
430 828
440 828
738 469
171 572
153 89
185 616
884 46
41 652
885 275
979 850
98 480
515 404
171 730
674 303
158 996
949 999
440 649
186 501
33 270
162 106
881 578
226 326
8 604
731 34
629 673
598 470
872 426
109 317
346 17
31 947
886 391
846 930
995 420
691 927
48 683
216 573
582 936
379 151
151 553
298 47
28 557
264 915
713 824
904 195
433 669
787 142
290 970
294 898
620 749
9 818
321 992
753 37
754 374
482 21
742 955
731 938
718 896
466 488
442 647
53 67
725 56
999 937
343 837
681 34
41 131
88 266
908 895
440 120
306 41
273 754
28 574
265 852
914 571
922 990
416 204
112 454
24 616
336 970
814 83
283 537
103 184
183 879
219 903
551 96
850 223
961 670
768 534
269 631
314 881
948 890
357 142
819 921
552 764
594 107
189 965
272 579
883 123
149 259
613 302
544 811
707 809
51 781
107 889
444 425
530 677
802 94
822 729
829 654
702 511
578 697
924 941
431 719
972 865
114 121
556 864
116 671
744 954
472 899
750 90
684 730
266 930
916 671
204 217
118 307
190 924
356 492
199 86
271 325
424 324
902 553
778 619
657 874
587 489
806 85
717 614
374 75
503 621
910 215
288 354
87 850
382 582
553 442
612 241
430 440
316 918
382 977
917 938
494 963
596 367
501 414
298 890
417 396
843 318
442 509
235 389
80 802
905 727
49 131
382 179
844 988
996 907
244 176
886 355
410 206
893 541
13 291
683 515
14 964
328 331
992 818
866 727
153 96
893 654
250 624
141 511
288 925
433 745
422 772
335 303
286 343
190 785
219 784
629 805
932 367
492 975
55 319
297 995
963 286
102 894
859 849
91 459
510 531
494 710
975 623
91 120
590 82
760 889
731 8
768 62
608 317
447 228
879 225
238 219
498 726
869 283
618 541
431 336
821 88
678 755
660 858
312 968
351 489
744 75
490 783
696 942
660 713
866 482
668 172
468 826
787 198
660 696
94 276
791 662
818 720
543 781
382 531
19 417
527 782
387 197
939 528
815 141
943 440
817 298
102 828
50 392
966 250
878 982
934 868
942 371
391 411
657 1
130 387
738 236
636 755
433 242
73 522
486 666
291 236
239 546
386 168
130 301
987 548
434 668
823 346
476 39
528 16
984 626
520 756
885 318
664 200
103 337
34 312
881 891
45 216
163 789
914 967
93 716
387 861
941 286
101 193
512 322
340 859
897 152
591 482
760 806
941 687
401 616
582 675
751 232
592 687
185 15
955 511
413 487
808 983
788 213
475 850
612 305
575 143
821 11
734 996
403 414
43 903
116 727
639 937
930 405
273 894
401 321
627 709
137 223
800 905
801 160
489 844
751 684
19 223
991 253
904 183
28 23
821 862
291 767
313 623
830 329
620 296
291 588
454 232
882 751
523 893
448 49
95 383
151 57
724 365
942 284
853 335
415 356
613 98
553 3
187 269
758 68
853 304
446 894
503 891
919 886
19 659
150 98
64 495
951 353
415 410
864 326
274 966
258 451
760 279
63 660
101 545
486 101
69 3
573 718
220 145
258 370
558 57
139 221
31 91
514 35
258 741
520 656
737 976
101 259
46 380
4 817
153 378
617 829
580 183
29 727
628 91
78 188
171 362
376 988
997 404
788 395
518 400
849 227
78 303
462 654
45 478
796 978
985 547
313 94
521 385
658 306
870 809
87 148
294 342
206 514
726 309
428 520
88 585
159 648
695 586
458 583
129 685
61 682
635 781
82 903
195 700
14 224
967 842
588 189
204 182
955 854
173 961
86 182
806 223
995 18
355 179
249 404
411 101
796 734
260 134
389 550
329 678
70 885
880 417
109 785
139 684
286 813
602 690
930 893
934 861
98 469
26 374
317 821
106 952
796 510
671 555
219 760
746 763
395 885
197 33
642 430
935 887
853 566
162 715
20 733
441 384
577 572
689 218
489 140
641 287
14 779
571 16
379 585
516 713
789 201
758 620
673 686
874 121
233 119
250 831
825 603
664 983
148 232
210 353
447 412
106 286
470 983
16 554
272 580
665 435
618 501
546 374
621 978
345 623
966 827
721 900
688 203
693 374
604 855
882 145
332 178
538 941
707 70
764 173
638 722
87 184
164 971
938 286
242 131
351 359
299 456
416 236
679 101
592 917
441 655
80 185
83 874
929 930
948 122
990 725
882 962
352 857
960 536
136 74
734 835
339 581
605 802
91 584
130 632
773 898
333 907
800 32
817 966
506 65
14 30
673 702
522 533
597 191
265 516
857 930
783 334
790 574
347 896
296 174
705 22
190 590
709 550
545 589
986 745
92 552
352 645
528 519
746 573
286 664
303 794
767 449
35 408
662 855
681 828
938 519
266 684
857 749
75 536
793 661
244 177
482 634
328 332
475 495
831 858
944 818
689 885
909 872
664 533
312 588
343 285
399 543
283 872
956 436
775 912
391 907
935 718
955 244
297 994
121 742
431 799
15 604
436 647
312 397
684 93
924 748
873 44
452 425
54 365
38 550
593 157
640 772
280 218
190 381
318 310
375 803
255 857
695 492
169 550
59 630
686 721
11 491
126 462
642 651
43 922
725 714
726 381
142 994
18 340
113 82
707 320
194 437
820 97
927 505
787 88
40 563
26 746
668 173
84 420
319 543
532 396
885 777
80 451
643 390
290 866
848 952
830 888
122 53
341 277
454 383
505 367
536 741
779 855
134 962
931 528
236 476
553 38
495 689
351 573
814 319
672 751
283 309
411 504
286 756
359 486
36 987
455 531
421 655
558 832
637 985
838 80
110 843
326 772
899 492
577 730
401 417
932 108
577 587
102 174
358 4
909 908
508 748
253 818
186 253
484 506
709 239
670 281
738 529
962 669
744 7
159 339
6 194
318 752
285 281
747 594
324 289
573 818
647 79
907 482
790 9
363 950
676 557
971 695
924 615
816 856
821 409
548 615
454 658
973 238
367 867
575 142
707 30
744 945
16 247
777 172
815 620
740 467
94 471
419 907
962 991
674 943
273 782
97 706
545 219
743 847
456 831
825 410
679 275
792 589
833 103
725 433
853 108
307 72
625 197
738 425
359 292
164 342
117 466
870 688
731 878
400 196
188 35
540 264
487 81
89 546
308 836
183 888
684 963
619 158
208 605
839 909
898 97
438 814
580 515
810 935
35 142
73 455
440 830
112 555
851 48
438 6
876 549
442 871
641 419
538 938
667 578
337 347
253 71
977 267
262 181
465 63
907 32
124 724
695 129
731 516
257 299
955 316
594 20
613 264
522 177
756 256
993 594
759 611
483 444
154 708
449 764
195 496
802 56
732 313
733 528
916 48
739 719
389 464
63 9
376 699
711 653
371 997
526 546
375 540
112 835
200 632
773 139
212 555
220 794
316 985
502 948
785 913
551 411
666 835
96 903
8 105
799 941
543 823
912 719
360 540
568 33
458 137
667 343
954 121
942 607
924 446
989 19
964 943
365 422
826 968
166 345
5 725
282 874
669 543
598 431
625 451
588 721
847 324
114 840
562 500
259 891
840 750
322 797
306 182
144 37
842 68
473 671
184 870
858 394
595 260
79 927
26 9
335 1
429 60
413 727
748 286
568 972
993 65
847 410
723 168
417 525
144 451
1 334
849 514
741 564
137 926
897 948
491 557
516 714
141 943
48 335
813 120
603 684
16 924
327 804
606 561
37 152
410 684
105 76
362 677
936 748
557 132
512 267
915 950
627 64
367 197
209 175
194 797
926 90
471 363
60 950
388 877
171 119
389 52
711 625
952 288
418 452
99 281
869 485
398 429
99 358
411 802
138 598
303 368
750 203
341 951
49 798
88 836
822 313
670 68
847 996
833 190
815 378
809 949
352 952
207 490
503 623
910 213
625 141
466 485
601 420
531 401
535 361
421 281
758 18
444 238
767 113
376 379
563 913
781 122
346 933
144 1
642 256
515 18
364 484
991 537
150 43
886 353
374 565
692 730
55 234
519 603
996 772
851 123
796 648
983 526
396 318
913 620
254 94
36 277
917 364
98 570
781 493
306 527
917 477
41 714
903 222
7 37
67 326
193 903
470 897
452 244
751 496
561 474
449 922
102 892
693 439
451 52
519 31
48 440
51 875
33 308
198 910
882 291
635 633
767 295
696 739
73 932
954 807
815 730
726 259
346 983
94 617
593 446
242 164
613 947
178 700
964 547
640 361
592 114
954 633
302 741
29 371
969 872
513 526
492 179
844 88
222 348
152 930
536 838
191 451
105 646
740 28
880 268
753 18
311 670
152 977
545 782
503 450
596 702
624 769
22 966
152 832
796 185
635 387
363 196
382 608
495 880
791 886
548 968
444 3
683 124
891 746
107 187
990 242
683 678
945 435
536 708
2 212
701 982
571 438
553 199
404 983
352 384
170 785
311 96
847 82
885 139
813 414
757 275
175 721
215 388
70 393
453 287
527 82
205 686
284 771
824 801
839 439
785 534
823 122
534 395
681 581
298 611
962 666
889 938
698 128
3 766
868 720
375 992
690 540
584 231
231 636
447 36
910 900
231 401
414 823
534 580
792 99
42 654
794 945
134 182
427 184
690 894
364 533
682 958
168 734
25 741
464 451
530 634
124 117
587 631
659 354
364 676
369 122
997 328
512 128
952 71
203 255
424 736
830 424
62 54
797 161
798 650
657 534
455 29
972 137
35 791
796 110
784 558
454 238
644 74
956 868
596 451
955 428
853 476
729 166
251 422
577 490
814 489
247 594
344 883
397 215
848 707
465 775
357 723
412 948
144 58
145 279
992 926
295 797
187 380
83 447
838 189
93 106
921 263
391 159
762 16
395 216
120 459
24 702
880 86
47 496
837 12
840 288
624 471
201 362
555 855
936 979
846 378
59 900
322 689
318 947
401 965
572 734
133 518
280 966
927 172
557 382
470 969
460 746
862 883
224 803
744 442
210 266
360 419
140 545
876 859
399 372
202 870
756 257
632 271
817 387
270 451
515 937
565 787
901 291
525 803
472 571
398 295
347 333
954 735
868 953
426 84
869 448
212 965
412 135
33 222
223 327
401 291
644 377
94 432
739 829
47 858
947 808
30 524
146 121
602 981
728 441
291 669
325 106
642 316
761 995
946 419
237 248
741 157
981 171
292 384
347 983
193 461
620 44
605 384
188 182
53 873
844 548
740 917
999 136
254 321
236 692
473 670
171 895
376 463
705 513
984 270
982 809
201 36
240 526
407 516
126 238
457 771
521 918
89 410
367 991
562 166
33 604
125 462
589 639
741 644
63 502
449 957
461 565
159 298
590 970
703 681
940 13
245 887
216 847
640 241
879 488
720 431
149 369
584 398
107 779
624 161
665 723
663 872
315 966
907 698
910 751
488 498
548 696
105 509
453 956
539 771
901 424
650 757
927 708
403 472
140 861
631 302
796 257
579 147
321 167
375 492
250 88
41 311
554 479
445 222
377 760
503 328
991 55
406 86
556 469
626 332
866 131
467 621
619 541
433 408
431 253
696 354
203 370
847 517
508 939
679 568
425 861
154 389
961 819
671 632
398 253
212 115
608 584
734 24
754 714
41 781
494 945
903 533
939 868
585 840
714 44
697 858
40 435
222 991
577 764
740 792
905 805
728 832
822 542
48 112
935 789
148 569
101 615
49 20
35 795
822 649
242 575
349 377
120 95
927 70
907 841
586 836
241 765
1000 792
116 139
945 931
231 714
290 248
586 946
555 556
976 519
774 334
776 899
742 210
979 764
980 675
381 170
794 555
107 870
146 618
509 710
111 118
811 868
812 443
190 355
636 279
584 426
555 347
350 613
117 870
483 324
450 7
514 727
825 49
591 734
959 35
657 664
894 933
843 693
471 620
990 548
845 287
227 216
7 654
835 281
717 552
666 777
539 525
5 505
208 763
173 775
252 748
496 6
259 354
867 25
78 848
882 634
544 468
429 558
226 537
417 243
79 643
728 143
487 222
179 217
400 218
347 230
724 443
146 556
585 18
909 87
515 992
843 479
723 773
761 186
286 517
151 357
381 376
448 916
538 37
373 67
231 776
989 252
883 361
846 287
980 481
443 803
970 539
720 698
812 234
72 754
824 744
237 621
698 129
521 566
188 675
851 485
327 764
195 137
218 848
885 718
869 201
581 709
51 838
552 981
989 672
868 823
262 888
705 222
751 90
879 145
95 646
996 83
389 11
66 392
86 975
603 83
380 232
368 672
756 627
479 244
669 68
798 888
433 996
986 248
273 883
626 35
940 306
494 467
582 806
941 880
302 518
622 975
325 113
420 629
113 205
739 145
254 297
321 24
881 683
216 620
207 572
563 268
641 989
330 937
611 56
922 693
740 668
902 647
620 442
123 754
17 33
491 118
787 965
259 124
353 137
688 910
14 562
255 829
170 976
313 571
963 925
367 521
697 801
37 256
41 837
836 512
177 133
231 78
399 861
82 250
727 750
214 775
729 609
158 628
874 241
103 225
162 277
555 854
872 978
104 636
819 897
159 160
765 751
577 887
615 283
48 99
746 70
267 195
196 187
573 343
721 780
33 258
81 743
219 123
292 741
730 35
376 590
638 810
994 814
314 396
941 545
48 720
270 371
806 609
575 172
812 274
617 382
484 931
674 239
103 907
532 241
96 699
99 332
872 76
527 446
783 32
169 798
994 209
208 820
464 718
325 643
476 785
94 320
61 905
377 332
673 271
825 436
540 985
687 794
544 28
344 50
708 305
511 910
296 181
11 931
923 112
374 402
415 692
748 920
844 726
482 883
782 804
332 704
363 28
700 501
224 422
600 341
328 452
164 42
420 444
408 604
62 183
840 639
876 357
610 345
519 625
905 921
12 245
560 888
309 533
112 585
96 78
793 984
645 839
45 123
248 121
312 817
698 119
486 151
586 801
538 908
353 706
962 848
671 104
16 610
250 826
343 491
769 240
609 497
499 217
462 463
689 441
926 446
271 751
846 113
759 976
427 997
29 809
985 915
234 505
417 79
739 668
396 815
91 129
54 311
811 136
314 416
564 448
855 195
397 999
760 911
610 869
371 606
196 166
101 185
471 587
455 198
826 438
947 662
568 225
367 635
140 619
122 826
543 900
503 331
252 713
22 585
574 106
846 719
498 585
835 602
909 365
946 324
485 942
416 683
697 526
682 346
151 13
139 717
737 698
790 428
629 380
502 338
908 661
145 333
697 1000
631 296
205 981
593 847
10 709
581 394
748 493
400 925
817 382
511 273
166 692
64 298
528 409
503 941
841 166
515 165
77 118
574 268
768 583
931 949
235 480
219 999
419 233
206 227
49 100
654 651
949 569
287 934
650 742
387 980
404 327
465 500
466 839
49 245
940 99
809 186
319 358
983 223
881 957
771 651
441 236
246 873
409 590
104 850
711 817
198 908
586 694
54 352
403 168
354 646
393 962
431 638
413 31
74 793
9 178
159 700
313 260
389 167
506 287
358 788
531 898
475 616
540 716
248 970
637 143
308 440
924 947
165 815
468 838
277 792
758 291
584 875
562 630
657 842
212 225
327 146
203 384
331 343
244 732
481 294
523 853
66 920
231 502
86 479
252 947
913 834
453 25
724 341
908 137
815 126
321 718
731 775
532 924
862 63
790 328
277 619
95 404
499 567
377 215
861 916
704 56
279 886
672 710
965 975
468 555
144 111
879 905
678 492
991 639
58 756
406 163
10 584
629 227
280 718
334 385
120 13
836 963
379 808
380 583
162 270
453 285
491 614
564 981
803 107
917 511
334 163
124 691
604 69
775 6
82 347
444 790
984 771
592 532
975 591
428 258
270 485
38 577
539 940
612 686
189 747
371 760
962 301
102 632
566 171
533 274
913 81
366 61
521 506
688 357
7 975
636 427
461 682
20 298
78 608
549 634
559 721
162 748
646 317
904 202
804 845
863 418
42 192
722 862
389 957
132 722
963 600
86 281
971 69
113 349
921 856
350 130
460 454
53 882
815 316
86 392
587 437
36 693
630 373
772 484
602 730
911 766
967 209
347 973
791 916
62 624
446 915
605 442
861 976
671 969
666 302
723 896
957 509
691 145
123 979
861 833
734 209
511 344
615 854
227 913
48 890
823 261
903 131
500 30
672 593
430 833
959 957
399 690
563 508
56 747
391 46
34 489
629 872
103 369
92 198
438 510
422 979
522 485
229 427
581 902
324 497
474 258
129 229
3 732
189 813
523 21
449 576
331 128
567 109
720 453
908 635
974 510
319 15
986 264
272 890
848 281
521 389
828 775
868 980
262 869
485 356
469 375
76 135
722 401
88 589
640 420
470 395
133 105
616 35
100 156
360 865
948 98
180 20
428 141
445 184
943 286
212 276
765 992
807 767
499 800
619 563
446 685
749 428
316 171
69 450
867 161
61 106
889 345
363 142
588 893
701 58
822 790
677 49
645 531
848 673
619 238
981 395
395 792
412 922
788 785
571 387
75 624
538 376
244 857
960 154
780 397
672 526
76 946
148 551
718 826
918 7
520 594
790 391
531 565
90 754
128 987
776 651
390 319
727 610
449 914
880 591
25 949
461 970
780 834
763 922
893 967
180 918
54 123
662 378
224 850
206 934
779 58
141 777
381 132
254 914
717 362
441 215
519 52
208 326
940 15
155 833
906 907
677 472
432 830
570 124
110 301
396 820
794 580
981 582
927 928
56 873
552 942
113 840
864 896
719 514
323 159
449 334
690 772
808 915
868 95
560 280
299 460
318 120
103 942
142 778
151 515
255 903
584 462
518 417
721 299
649 470
526 940
947 665
265 67
629 497
863 341
578 455
619 224
494 296
978 715
218 470
899 939
347 742
631 78
924 110
174 629
526 206
138 695
820 431
221 678
520 419
739 57
79 568
697 212
523 808
230 956
156 823
363 221
137 739
972 433
862 388
579 721
895 779
46 44
73 209
420 66
886 286
919 120
460 835
27 800
874 389
984 381
527 631
822 621
794 194
481 197
580 567
836 601
202 361
793 778
832 800
318 879
325 365
861 427
206 224
188 955
372 136
599 603
50 948
159 234
776 537
584 647
760 49
501 596
712 948
531 896
148 136
846 35
152 203
723 276
742 208
101 168
102 883
748 571
860 139
183 406
704 679
65 687
603 427
467 643
744 259
962 454
660 1
552 906
609 623
846 876
5 180
191 153
855 230
949 109
509 550
846 927
960 858
599 337
244 28
209 537
570 596
700 907
717 803
27 339
484 602
915 398
736 991
294 975
575 298
651 267
501 313
800 64
29 402
327 141
260 858
655 371
416 712
865 415
593 904
765 543
779 843
467 231
286 873
895 815
770 906
169 187
545 157
724 453
675 539
783 588
453 105
239 696
520 780
552 8
616 725
528 375
107 474
970 980
883 589
560 600
26 76
245 376
671 892
624 351
73 47
236 525
644 548
511 870
228 653
870 212
413 525
635 127
708 262
909 537
72 224
110 536
702 892
918 809
633 449
814 878
583 594
233 51
569 553
291 303
457 571
43 318
614 43
766 246
380 917
823 789
220 718
82 747
751 247
203 517
439 669
337 831
925 214
823 571
603 765
902 174
262 777
138 779
765 264
489 461
821 22
501 194
218 253
294 190
226 704
868 23
480 816
686 864
88 737
418 83
659 212
769 532
772 349
276 524
631 272
13 623
469 29
252 643
806 180
40 531
203 65
187 836
574 80
846 661
523 658
377 694
319 575
697 363
492 33
486 579
839 69
236 30
956 871
84 154
703 725
32 821
969 756
911 761
715 456
864 857
27 970
530 70
507 642
190 582
438 512
217 321
351 541
10 779
515 806
176 543
608 626
291 830
206 399
120 591
487 418
399 780
320 17
97 108
372 34
745 584
690 507
214 773
767 251
453 367
790 38
541 944
546 538
367 350
155 18
334 13
304 96
323 796
626 735
92 199
794 335
188 722
816 139
409 747
836 198
175 980
459 492
676 879
346 342
591 348
924 673
4 491
319 185
855 475
413 164
324 257
897 255
882 279
884 377
261 368
375 886
547 875
414 790
306 903
901 288
232 15
967 547
768 251
267 641
754 63
223 320
740 126
958 141
393 251
412 49
328 533
459 118
904 201
796 431
464 704
310 901
375 442
52 975
218 952
398 247
790 821
866 919
557 770
649 285
179 452
87 727
933 211
334 864
624 844
752 145
365 418
978 975
942 722
411 134
88 57
731 977
109 925
314 566
443 902
339 89
401 452
165 765
59 342
151 318
121 145
999 26
419 126
477 231
281 65
390 685
463 361
581 182
5 202
73 487
680 153
864 337
628 375
351 722
672 733
617 738
10 400
28 841
35 63
612 803
626 707
864 52
289 809
698 71
348 460
295 215
816 6
174 226
432 831
539 998
404 445
43 151
963 70
582 748
142 745
567 344
879 90
168 920
869 400
267 604
621 573
458 533
275 57
259 988
117 816
320 734
362 409
826 436
699 686
973 259
367 532
562 878
805 943
535 929
791 539
294 81
556 636
133 221
541 240
628 326
393 352
464 712
35 835
260 208
100 919
249 443
406 636
570 603
645 195
99 217
766 835
503 619
911 640
697 524
764 646
320 9
231 349
531 405
809 91
701 93
978 578
942 345
411 275
451 734
841 330
364 337
221 504
866 911
125 690
591 942
418 636
233 189
148 597
196 55
652 229
874 277
179 525
1 317
404 942
689 872
520 672
999 399
909 867
552 416
185 962
922 222
528 185
822 319
477 644
534 483
116 150
861 769
505 921
538 785
298 538
153 309
797 740
713 301
660 300
241 476
78 249
285 417
802 13
562 519
637 199
730 859
531 678
270 446
806 604
794 968
190 241
119 309
159 702
308 100
994 583
498 822
464 362
178 696
429 599
170 20
606 324
464 761
69 802
621 501
714 681
308 442
521 15
709 850
91 683
421 118
407 167
179 60
274 280
83 728
504 899
984 141
929 540
161 906
941 917
454 17
454 416
58 905
884 541
792 899
183 787
660 225
945 256
728 944
417 751
145 696
541 633
300 860
34 6
1 281
664 711
130 191
760 368
136 788
935 907
519 712
657 96
172 437
870 164
968 428
987 472
957 780
585 421
270 713
570 467
384 92
665 509
394 45
656 648
724 837
466 367
612 684
543 307
635 680
559 782
603 438
108 872
94 815
129 953
8 566
907 374
431 540
768 16
863 633
163 341
81 305
651 769
838 809
637 239
821 21
859 206
806 459
700 842
938 211
612 398
557 635
834 735
318 49
928 325
216 471
74 541
351 459
288 181
356 467
798 654
121 515
640 760
968 725
630 425
367 701
423 639
947 833
195 996
179 491
952 169
856 992
44 987
377 169
14 475
307 79
861 524
844 350
627 918
995 986
389 605
291 963
554 839
611 925
743 441
732 654
805 214
933 481
331 595
683 646
746 638
624 158
842 45
914 462
878 871
351 685
724 73
11 686
111 529
917 718
586 185
415 17
110 731
145 565
989 172
418 604
760 140
46 279
819 533
144 363
242 578
405 124
615 135
927 27
399 594
719 869
243 84
334 189
33 662
451 99
396 544
953 485
828 403
936 757
155 871
525 637
413 163
533 82
863 959
385 386
439 627
25 939
63 167
466 559
506 512
682 527
846 826
484 991
454 446
821 504
508 590
848 426
721 188
99 736
900 945
13 688
985 711
695 576
184 98
147 86
185 271
947 703
847 869
337 629
39 360
976 413
80 354
122 805
658 329
731 645
881 963
716 87
497 271
208 710
118 345
134 722
283 180
803 134
229 720
532 577
277 862
886 850
924 443
230 918
321 874
982 353
863 166
576 992
406 301
246 172
107 246
277 478
292 396
990 63
677 63
384 237
64 82
374 691
302 76
680 124
662 828
918 426
426 956
425 519
444 404
598 765
265 120
254 39
276 333
684 706
41 576
860 92
957 594
262 360
980 437
675 385
16 770
736 145
743 561
206 53
963 410
576 993
819 926
755 796
917 53
573 659
450 490
693 606
486 500
34 237
769 102
399 295
937 900
977 507
688 114
120 404
980 762
452 435
132 561
957 199
146 661
533 487
9 155
318 495
907 702
512 46
110 13
448 505
437 340
510 954
669 9
783 1
649 37
479 94
126 769
380 497
352 974
853 190
564 7
839 127
950 828
610 837
374 433
739 403
777 346
563 329
265 526
412 683
139 718
732 711
326 112
952 959
667 84
266 711
468 225
474 866
515 904
311 373
442 388
960 73
597 780
287 481
835 923
305 900
453 4
933 266
426 912
195 62
663 486
866 750
300 776
746 872
487 378
572 956
3 491
867 311
400 717
979 787
229 400
695 87
849 259
133 602
63 793
559 900
428 138
909 725
275 265
457 750
203 574
522 266
449 526
566 233
105 188
659 623
958 921
959 416
