1000 9890
711 707
124 511
728 996
497 139
479 783
480 935
195 348
237 201
958 251
834 957
971 380
38 149
534 782
938 143
795 522
208 864
377 559
948 36
363 524
199 162
56 468
661 633
557 824
264 33
854 154
820 30
951 820
18 543
216 616
113 182
597 236
359 681
822 807
678 39
62 456
382 131
58 807
238 649
924 325
155 215
670 794
710 359
841 404
911 532
918 431
607 229
314 636
444 143
563 67
471 763
144 211
737 820
926 519
685 428
862 338
480 515
254 413
540 448
409 66
991 495
641 703
205 728
978 472
743 88
657 906
864 415
168 390
701 548
569 958
200 55
92 253
633 455
468 469
637 279
413 813
768 836
978 141
872 664
926 501
965 401
15 702
897 145
590 632
650 507
870 278
817 410
413 79
513 929
717 385
495 311
557 344
255 576
907 361
929 145
334 442
95 642
631 460
208 46
392 293
844 885
967 974
740 68
561 639
981 862
345 244
53 299
613 810
118 451
851 914
235 549
508 633
238 984
839 727
47 818
393 447
839 438
769 959
919 510
118 237
672 57
469 381
677 312
752 386
365 444
627 921
248 566
696 950
472 446
678 210
628 857
754 556
459 648
378 808
142 431
550 280
798 404
938 566
335 442
780 277
339 959
608 628
1 602
678 444
700 92
405 296
909 997
631 628
101 729
121 251
486 909
624 238
681 377
519 521
278 921
101 554
463 407
487 301
608 850
662 115
541 361
139 210
604 440
34 484
879 652
571 183
599 573
741 619
962 840
785 757
400 533
20 806
558 290
923 867
29 720
253 50
290 60
684 396
977 414
617 951
157 268
431 989
52 486
141 883
608 158
901 669
388 992
301 621
931 394
682 524
47 170
819 133
751 122
656 353
385 675
904 493
218 223
630 744
691 437
433 772
565 115
845 291
217 782
388 36
929 632
282 828
341 4
844 413
77 522
338 778
528 870
156 959
145 170
437 155
921 825
175 114
360 657
507 578
862 216
130 689
169 77
444 81
302 348
787 997
535 323
538 421
611 169
766 519
468 206
417 948
785 796
562 494
196 688
306 176
571 388
554 602
351 640
317 528
638 428
756 257
97 398
153 140
879 563
384 328
42 892
757 403
25 74
619 414
489 117
913 523
591 28
41 720
704 432
372 294
290 209
842 514
577 855
233 9
572 622
650 288
941 351
285 475
531 543
289 920
570 123
163 931
424 865
168 779
102 692
51 642
345 481
698 423
312 214
719 527
464 497
36 932
124 75
994 929
367 929
575 204
618 545
214 60
373 597
964 471
307 891
180 235
790 868
477 567
60 513
665 865
830 101
707 597
84 399
184 349
853 189
319 625
980 997
236 209
164 438
471 794
22 572
922 582
374 67
505 144
69 511
93 489
511 942
277 738
264 499
621 133
141 51
643 177
80 651
335 461
743 448
357 645
359 507
607 273
683 705
297 414
979 214
407 833
321 512
287 255
329 13
685 472
892 968
698 549
792 312
755 556
948 667
357 625
813 436
988 344
84 656
606 757
936 769
34 719
560 925
936 163
339 450
395 116
43 160
39 480
594 180
496 871
172 98
779 458
270 755
219 153
236 857
2 673
82 371
147 469
257 277
8 909
234 473
987 13
756 326
775 316
100 191
160 951
143 182
237 823
682 964
534 557
369 455
975 917
962 372
925 96
983 430
294 145
668 390
264 964
251 84
270 222
312 976
901 24
796 354
416 126
104 179
97 703
151 990
868 348
463 600
598 45
817 906
657 957
434 366
986 771
95 109
153 750
853 81
967 41
734 332
57 606
499 797
563 164
859 602
710 469
985 250
162 294
365 616
313 821
444 25
912 299
415 648
161 889
572 285
938 595
353 209
596 139
915 36
525 177
713 203
552 209
329 88
384 882
760 404
776 409
745 704
734 709
352 390
978 326
739 209
277 186
813 408
68 337
326 537
333 896
97 295
500 804
340 909
414 396
822 281
774 412
154 969
671 44
492 811
533 203
310 220
864 35
348 332
695 299
552 587
717 303
479 588
880 361
33 186
708 182
530 850
821 369
792 105
665 285
59 570
337 229
86 849
789 644
350 586
412 185
677 739
199 355
354 392
238 552
893 417
972 48
811 498
601 810
472 242
771 702
252 525
571 959
592 370
593 719
596 602
1 843
856 263
675 845
532 542
183 546
313 736
904 925
979 451
341 289
122 80
810 491
574 256
652 506
728 112
784 706
144 161
754 700
22 198
801 853
72 579
93 243
207 127
546 823
982 775
823 882
126 357
850 851
421 573
903 489
119 996
465 645
771 779
101 442
961 649
121 468
582 315
567 141
737 162
85 918
984 965
606 604
613 416
650 698
957 814
279 774
105 89
858 569
984 884
479 531
315 722
779 99
428 339
413 161
128 63
55 748
225 705
445 752
979 552
232 227
360 56
612 334
947 203
944 905
617 208
670 106
621 520
587 952
717 53
298 901
854 762
997 261
764 240
512 243
365 91
618 460
276 956
905 4
247 91
972 84
366 319
829 701
354 287
688 611
137 227
726 47
530 378
624 609
420 918
683 398
471 881
226 623
868 898
400 377
387 5
687 918
545 953
331 480
173 509
619 853
231 139
624 45
97 163
204 705
101 875
852 53
472 979
417 804
317 533
182 484
6 694
667 872
657 338
644 616
611 535
486 57
783 935
456 508
883 439
576 477
940 854
279 580
926 641
15 930
452 8
571 210
186 188
6 867
44 178
120 184
854 871
466 860
603 677
305 346
789 248
280 40
483 739
64 911
626 2
785 865
476 957
666 830
979 599
46 898
855 504
569 727
578 543
355 650
54 870
105 343
893 150
91 132
310 934
919 780
96 638
384 594
651 806
731 84
626 130
552 801
972 922
321 264
622 174
592 909
734 567
131 424
270 67
28 32
850 218
307 235
702 32
229 754
857 57
416 817
757 371
709 925
395 717
680 685
221 723
973 836
478 162
745 969
652 563
467 207
451 818
877 488
827 575
719 993
634 47
768 710
69 272
810 562
630 83
98 352
93 59
352 507
776 589
795 315
979 70
837 172
681 688
735 525
974 975
278 838
230 79
604 344
771 835
42 849
314 8
577 897
121 637
747 465
140 641
271 601
823 924
606 532
845 836
855 290
675 157
159 500
237 315
718 29
923 987
328 671
368 988
228 184
1000 145
428 426
871 662
985 611
38 937
794 983
872 491
391 756
964 411
956 836
967 18
720 175
169 959
854 446
512 187
346 833
511 521
632 666
216 74
964 697
252 379
447 666
273 794
638 212
919 615
248 830
878 700
370 705
626 283
38 117
900 80
443 519
406 649
668 212
339 726
840 913
765 932
804 564
217 246
420 829
287 716
340 244
511 77
312 525
350 453
155 847
460 701
377 105
179 223
606 154
843 324
348 702
649 515
120 709
762 124
232 927
874 594
250 328
515 998
187 361
905 531
89 639
771 21
75 572
956 131
280 676
723 248
927 258
110 706
274 271
24 681
171 970
102 166
486 914
186 133
793 923
301 212
339 481
15 922
162 378
491 746
77 365
832 558
121 537
489 477
841 816
457 575
167 892
573 729
461 31
353 638
284 568
525 598
103 558
55 360
366 902
181 160
972 621
225 782
375 878
262 462
972 764
789 786
497 804
564 534
632 373
569 376
642 562
56 805
792 153
461 466
313 120
660 912
384 667
701 959
374 340
669 94
87 489
753 213
806 345
830 83
804 842
705 795
246 421
908 664
764 290
359 638
105 875
514 803
823 523
769 778
26 633
213 149
273 32
348 636
844 345
601 560
520 127
593 607
567 811
208 28
117 254
259 98
615 623
448 185
726 716
965 652
752 87
606 118
115 697
4 438
767 385
329 123
348 817
44 538
233 471
784 993
452 887
533 554
288 766
866 602
245 344
62 806
547 322
179 582
455 781
818 275
342 108
434 520
589 596
974 918
422 837
608 946
584 689
996 569
524 336
488 848
769 31
684 398
645 825
688 73
854 570
712 95
438 285
975 558
708 171
232 228
983 115
52 407
931 396
971 587
534 635
533 925
29 366
46 833
450 214
332 22
354 570
216 519
197 162
241 84
630 750
118 434
247 90
284 448
886 935
640 296
983 534
471 530
419 943
683 138
575 392
298 164
579 845
941 846
639 709
195 564
750 166
991 216
4 86
249 419
798 761
359 541
311 735
203 510
813 889
541 266
293 468
563 366
948 316
109 776
536 694
166 337
961 191
544 129
356 679
106 542
456 46
899 225
793 614
101 793
134 898
249 110
395 910
514 472
326 154
41 794
690 185
809 285
419 329
443 11
390 534
746 736
966 485
658 554
534 249
258 444
352 79
887 893
102 159
270 639
126 17
227 878
31 38
931 108
665 152
734 162
319 507
521 889
394 17
860 188
219 44
661 61
115 495
354 781
336 256
390 237
637 78
513 126
660 251
509 827
682 607
720 422
459 458
441 75
902 72
63 196
122 640
693 381
289 15
525 832
270 337
53 79
94 629
683 456
333 794
66 458
160 139
858 94
677 698
80 178
228 330
726 217
393 283
415 850
971 290
757 765
648 799
242 410
959 845
624 654
198 497
682 34
877 197
881 130
737 586
523 815
874 861
302 290
451 932
71 163
403 925
834 395
505 7
344 131
808 242
844 752
810 416
477 106
631 649
174 58
748 491
847 465
64 288
896 507
802 722
325 455
905 959
943 595
759 546
93 988
77 503
742 491
300 154
196 475
452 109
55 384
376 594
148 149
612 594
543 12
942 346
875 564
144 224
894 355
769 496
232 678
498 80
760 643
232 60
255 832
823 722
293 611
764 202
87 343
675 512
475 753
367 967
356 340
139 429
413 315
143 86
973 291
5 81
578 437
446 445
319 689
344 291
90 331
679 145
701 441
955 937
890 498
564 119
985 478
491 357
73 764
723 718
151 841
812 901
562 624
677 257
794 804
813 833
761 496
248 541
895 837
53 648
936 276
705 303
192 36
563 215
490 713
173 206
593 796
387 493
852 255
781 5
140 147
895 187
861 887
649 659
335 80
975 809
615 953
384 640
400 782
115 875
757 472
852 332
672 954
654 766
159 36
610 565
867 557
440 922
222 732
357 891
653 446
585 472
812 225
480 282
727 406
413 810
50 548
306 698
524 316
471 453
54 215
846 179
793 293
868 687
816 962
319 17
360 478
343 143
381 312
219 389
424 827
669 315
640 47
882 206
720 253
4 718
99 712
298 221
494 363
887 141
172 539
947 679
787 14
994 726
833 348
501 454
218 280
259 310
502 976
576 649
199 16
125 754
354 91
943 497
675 847
103 275
130 680
386 862
853 484
891 785
305 662
468 70
161 938
454 113
992 584
204 584
702 98
552 359
305 743
507 665
917 1000
723 475
168 41
645 569
424 179
244 988
689 633
486 817
468 292
70 176
753 626
3 249
614 573
177 190
69 120
853 153
3 407
318 808
665 793
672 966
638 145
805 534
936 987
974 183
477 485
548 200
578 791
279 768
51 909
932 766
760 989
469 331
566 111
660 224
163 904
573 877
479 930
261 379
172 842
357 450
964 318
967 649
471 350
755 211
593 220
122 732
104 63
780 664
74 859
932 803
347 325
501 696
707 485
603 180
513 684
904 383
372 935
433 825
431 274
320 149
735 288
761 733
578 509
652 852
307 62
454 179
187 980
573 753
100 591
174 722
620 262
568 409
198 219
900 440
776 230
279 45
248 597
869 797
203 352
72 643
828 202
5 621
635 304
861 678
386 68
299 251
796 219
417 826
469 737
201 67
990 349
227 947
139 277
33 778
322 901
878 550
628 717
496 912
426 843
120 988
227 105
709 396
785 436
440 995
457 779
738 396
701 760
461 883
978 415
944 275
466 203
215 324
514 29
292 979
223 969
560 835
962 683
615 167
581 979
68 58
253 98
290 236
846 314
101 223
506 846
196 134
181 374
475 89
138 27
739 645
731 57
271 906
280 375
104 27
926 210
177 977
180 464
406 790
618 556
394 594
12 997
894 945
433 805
806 358
703 250
373 707
835 434
549 704
400 441
75 121
437 626
994 369
960 641
333 897
485 838
679 466
520 425
812 817
688 879
247 972
88 107
621 191
883 936
419 163
355 439
984 37
877 486
917 959
296 39
297 370
273 265
370 783
697 203
193 594
356 954
841 222
879 882
808 17
576 19
808 850
64 289
931 813
272 222
383 720
330 428
135 837
201 345
497 754
3 495
921 112
908 114
653 409
379 754
769 727
489 86
381 64
590 780
148 295
765 727
337 154
779 463
764 519
410 614
818 427
620 611
118 817
571 97
925 497
206 900
832 627
129 807
786 643
440 315
169 643
613 216
386 324
155 976
851 559
212 807
85 543
46 783
289 42
189 283
851 668
237 197
582 594
470 267
242 221
566 480
200 697
700 786
20 396
350 911
100 850
872 139
47 949
124 403
811 691
91 561
95 906
866 505
77 638
874 924
985 477
948 215
184 380
973 516
435 173
844 311
777 378
249 676
199 845
827 748
22 846
137 939
374 477
731 796
625 305
235 393
300 571
268 89
237 421
334 750
728 949
261 817
27 691
642 164
358 163
657 280
383 756
225 254
7 354
780 34
819 572
824 914
415 201
684 646
741 627
372 234
663 124
740 361
219 841
796 575
542 911
708 403
746 106
570 476
148 170
612 631
944 57
907 399
67 442
474 472
609 675
977 455
875 668
565 712
287 566
203 571
186 711
17 947
509 595
510 788
722 420
81 308
981 745
553 914
740 64
243 552
778 357
358 811
416 46
34 725
971 284
938 111
242 336
942 879
265 287
878 445
327 73
217 167
273 917
990 810
717 594
477 749
648 167
44 976
207 516
227 474
964 992
49 942
670 600
383 887
640 539
715 113
662 600
122 95
213 772
985 219
286 829
81 205
972 503
97 811
779 818
598 409
946 150
252 861
201 981
596 170
889 416
62 714
303 740
969 472
145 270
553 153
585 776
378 534
549 173
155 211
957 728
184 1000
597 689
322 977
418 784
222 558
529 962
489 157
658 742
699 510
903 136
150 185
798 486
447 284
709 201
430 554
219 853
920 368
774 383
885 392
194 621
986 270
379 555
825 693
241 526
638 124
309 509
526 518
771 712
689 375
67 39
568 642
2 735
501 790
545 272
72 708
211 772
837 984
592 789
960 7
148 722
433 358
722 851
712 398
414 570
881 297
76 13
625 927
318 214
730 62
18 146
451 668
367 623
207 762
869 681
673 406
306 137
416 953
312 890
666 841
422 195
316 834
958 401
998 626
669 834
929 699
892 397
736 925
364 54
973 716
244 748
133 389
908 525
321 877
32 248
198 181
714 39
645 378
317 217
264 475
306 74
605 614
697 851
645 395
463 160
32 966
930 995
805 245
112 276
224 446
67 792
417 825
914 559
917 636
828 41
813 315
396 445
552 59
366 759
572 38
560 614
922 85
163 481
524 897
429 67
163 107
382 125
782 596
990 502
16 775
144 332
220 511
496 630
263 77
836 145
555 571
702 273
981 145
243 55
135 407
194 625
376 916
730 559
932 531
916 248
166 777
945 664
530 774
275 353
630 959
562 876
673 886
357 485
15 355
114 26
902 217
25 571
191 98
510 61
52 228
143 207
368 657
868 70
523 357
281 850
321 269
86 15
87 290
859 269
971 343
809 624
312 56
668 301
924 839
857 284
480 474
967 803
240 298
989 129
761 760
482 491
856 676
702 970
951 815
588 43
948 976
479 490
446 737
416 820
715 168
406 339
874 394
397 52
198 414
227 355
504 988
601 434
362 390
400 247
18 698
205 892
667 43
779 949
317 878
946 94
892 742
737 803
170 912
689 896
637 970
84 958
767 91
607 418
934 598
387 657
192 279
76 973
797 811
968 295
609 75
167 631
664 994
729 778
858 730
973 568
786 45
699 38
702 843
3 639
371 89
922 331
103 438
324 417
306 660
327 770
272 524
145 786
479 309
258 595
813 227
104 715
836 4
160 749
544 130
219 10
458 974
662 392
459 863
479 596
171 431
864 247
471 400
433 549
685 698
925 203
307 524
988 621
548 604
962 368
925 124
194 230
506 692
451 991
399 85
697 393
837 276
739 926
498 816
655 132
198 561
260 412
32 467
17 641
592 251
297 988
904 135
239 14
808 547
79 628
139 771
502 101
303 124
730 264
108 484
772 21
960 285
130 661
429 950
674 723
355 367
735 942
204 550
239 848
274 564
719 474
64 96
448 207
909 78
549 39
608 621
438 942
330 239
650 846
44 561
117 229
653 73
643 362
188 880
390 732
652 135
387 209
642 109
615 469
44 343
686 98
45 42
780 622
189 662
380 607
325 330
30 85
555 869
576 280
978 100
542 637
64 556
284 789
699 66
37 855
915 586
44 117
45 204
237 911
214 589
784 324
569 562
162 488
651 52
964 181
626 916
955 410
796 420
741 421
410 797
536 451
186 708
468 226
745 830
380 92
807 143
198 642
364 670
751 978
19 13
292 48
705 766
100 422
561 626
265 397
142 674
228 115
787 16
568 693
440 165
960 556
891 68
929 871
408 525
713 920
532 452
688 714
854 187
602 384
14 50
146 460
201 617
39 677
978 851
351 215
777 260
86 384
605 656
274 374
937 206
264 288
819 46
748 248
804 698
937 95
791 940
500 465
687 111
321 674
252 862
37 166
886 389
390 926
762 159
64 457
728 995
909 114
198 661
931 646
774 816
460 898
50 130
306 280
557 681
644 624
222 924
940 735
119 992
463 402
783 847
114 766
365 908
684 724
595 83
633 132
581 108
170 122
983 968
305 161
182 169
651 370
284 889
33 575
529 594
168 758
461 943
797 565
154 553
301 838
124 751
493 478
348 487
3 708
315 726
132 603
647 420
100 471
216 748
823 743
585 411
439 766
333 343
389 453
281 708
411 565
394 301
808 959
401 511
402 848
204 452
794 778
542 420
1000 123
893 464
401 392
221 775
696 899
15 93
517 251
630 540
260 84
851 949
291 409
674 966
568 189
970 657
570 535
350 215
795 870
964 771
549 699
561 751
184 309
49 969
929 621
696 336
678 96
537 844
402 423
520 30
105 699
631 896
409 449
136 263
191 739
571 701
787 1000
49 770
577 460
316 16
302 231
607 312
722 865
573 120
921 463
965 154
904 667
121 41
29 537
220 950
306 173
736 474
370 888
628 512
478 631
338 218
174 140
33 776
732 910
913 748
751 755
681 344
663 472
45 145
987 632
805 935
702 989
560 493
559 648
508 460
127 650
582 440
956 420
922 372
746 16
201 413
441 366
776 913
957 769
9 419
372 449
980 768
530 775
972 688
629 743
897 401
191 28
394 382
927 936
642 520
310 954
43 29
731 653
525 893
678 625
111 314
635 446
959 104
980 643
903 979
751 778
845 369
99 403
941 798
602 38
450 987
270 118
934 425
347 577
873 521
431 417
488 576
498 638
670 518
911 792
36 614
113 285
296 267
448 52
833 36
173 571
759 464
752 525
218 752
112 83
19 513
648 463
501 79
909 472
239 59
767 356
161 848
684 856
680 895
232 326
718 651
754 704
232 822
819 260
469 643
550 692
188 877
795 319
840 388
419 3
384 180
483 980
390 640
743 50
966 343
235 475
823 250
477 442
851 245
234 145
162 338
805 556
885 699
719 938
423 345
924 573
816 251
963 380
270 502
42 660
195 151
858 509
34 11
609 645
632 226
579 317
219 442
807 277
848 330
528 749
484 14
466 756
540 551
668 620
275 451
506 693
200 556
627 327
539 761
702 279
996 48
579 232
284 404
813 681
489 946
420 756
424 527
5 94
924 164
344 294
198 577
53 322
256 748
494 428
425 235
355 102
229 641
915 264
844 418
745 726
874 813
534 966
452 711
539 293
541 463
65 446
943 79
47 122
782 971
431 155
839 238
677 159
805 426
678 168
334 978
890 66
339 824
896 933
507 766
456 636
149 583
701 122
313 937
453 245
693 953
68 860
575 790
448 895
72 955
934 627
258 496
174 196
413 684
384 390
478 734
331 972
893 677
305 132
987 715
791 444
98 981
163 413
802 983
559 969
422 940
777 691
979 821
505 958
15 25
223 656
519 487
98 823
917 216
168 825
747 735
343 136
471 439
54 325
114 208
281 751
336 924
963 882
414 845
918 428
776 713
683 388
601 531
679 951
473 384
57 193
792 268
497 58
951 477
497 724
587 334
587 687
332 291
176 970
27 311
375 351
359 634
826 841
442 770
758 260
65 489
213 145
655 302
786 75
202 130
365 438
867 140
173 515
32 845
207 694
958 474
482 869
355 497
930 989
987 489
84 114
304 476
691 152
358 412
992 937
961 345
335 49
49 360
187 590
749 515
254 419
736 430
440 859
352 423
889 128
836 921
34 399
990 390
115 840
188 900
456 815
546 424
780 855
672 840
68 193
988 18
419 313
629 992
777 687
775 972
976 560
249 341
367 68
280 64
907 429
546 359
472 744
343 63
381 360
163 909
516 911
390 148
375 846
656 634
752 332
919 303
333 342
116 538
656 51
447 210
643 295
128 338
246 584
368 69
711 534
76 15
4 828
333 696
778 263
748 537
251 19
469 72
289 306
706 37
765 518
490 607
551 399
886 826
65 68
374 206
108 414
693 387
409 488
65 501
458 49
36 722
19 484
477 864
683 573
960 326
83 665
746 233
931 583
41 141
674 752
654 377
987 812
749 709
100 718
164 205
511 150
611 828
204 766
120 769
176 563
47 272
896 796
258 9
499 359
118 33
603 877
534 253
239 617
297 582
172 342
210 929
430 874
658 697
182 283
992 147
794 393
263 62
653 370
215 321
732 173
155 141
185 918
2 804
497 676
786 268
331 944
957 988
798 448
626 763
93 662
367 491
349 524
833 947
923 837
637 473
876 803
312 510
725 886
821 259
990 750
994 437
265 153
234 638
370 110
647 280
685 741
30 298
898 814
955 675
61 592
929 972
638 558
751 789
865 974
812 639
248 952
674 888
787 75
492 323
426 175
947 785
808 585
666 939
848 826
943 453
526 215
126 667
17 453
326 329
842 934
442 826
527 617
263 497
216 35
313 204
226 196
891 730
832 236
559 107
192 75
619 820
545 713
783 627
352 257
999 161
822 634
261 986
732 334
815 696
983 685
69 61
586 105
714 418
932 125
235 377
701 680
278 859
162 736
98 758
521 959
707 580
232 612
180 972
438 12
43 444
334 77
429 327
585 433
552 710
348 313
814 714
965 422
397 650
487 934
349 897
423 446
137 273
910 948
750 695
642 634
637 610
391 557
33 433
363 854
955 606
354 527
685 713
320 643
119 269
670 167
543 703
533 373
437 256
313 274
77 793
191 47
298 333
144 530
787 502
318 148
863 291
721 270
946 685
873 603
513 538
553 597
155 351
964 821
252 743
326 282
74 707
813 812
26 622
133 330
83 627
869 624
195 897
346 543
848 949
31 74
207 466
388 280
448 35
784 589
160 343
666 868
259 13
499 912
521 63
523 988
527 956
677 111
299 969
2 313
311 848
160 108
391 860
458 292
999 884
804 358
397 337
790 305
649 149
624 249
733 992
36 95
274 980
629 120
885 238
886 345
547 429
527 707
73 470
993 133
277 196
173 115
112 651
370 611
477 413
25 4
278 726
82 47
245 609
548 208
446 742
67 302
309 373
208 360
711 894
253 408
129 768
150 766
199 254
410 795
380 29
823 669
241 321
294 469
497 223
707 124
564 531
750 450
129 546
773 265
43 100
854 364
511 603
683 20
61 664
475 31
414 620
256 426
535 880
938 106
846 627
835 510
23 391
322 215
415 790
307 185
380 449
106 842
576 766
78 776
107 981
830 182
579 626
943 509
691 332
585 753
588 778
625 240
165 29
493 640
112 156
94 28
316 14
10 929
247 550
732 646
161 799
1 546
623 827
183 734
700 484
258 179
667 21
995 672
562 453
349 99
277 262
28 600
892 927
145 668
295 742
371 324
667 819
889 135
641 794
343 762
288 868
788 613
274 843
217 440
847 58
560 972
638 149
399 565
241 801
167 569
353 691
894 114
737 277
167 654
208 453
816 132
599 651
410 605
285 351
103 504
451 107
716 933
438 359
940 806
774 269
211 555
342 259
876 847
152 833
862 782
556 77
498 5
29 931
245 776
416 496
641 201
509 643
510 676
116 539
858 212
380 144
128 339
94 642
630 880
886 750
583 586
674 226
622 148
521 365
644 810
967 824
401 287
812 555
562 978
82 776
473 857
394 668
203 100
631 124
812 954
194 353
369 483
60 346
776 27
563 373
714 971
109 771
499 987
117 264
944 892
155 231
118 860
75 780
369 559
373 47
996 915
856 7
783 542
629 286
938 533
889 65
652 363
157 899
908 253
433 219
539 747
37 297
258 6
633 68
391 358
303 618
303 511
552 62
250 489
369 123
130 28
305 114
827 213
884 994
921 152
79 128
230 52
452 118
935 587
404 241
131 603
741 648
941 438
267 139
250 833
551 699
823 950
276 427
3 661
888 195
427 833
147 446
961 331
146 634
464 89
63 195
907 345
547 782
87 217
345 490
592 84
601 729
194 129
157 11
360 169
240 633
489 587
242 181
53 251
860 765
989 927
190 60
469 997
811 304
871 148
796 388
943 343
801 378
986 884
455 366
62 468
265 566
696 366
267 1
403 928
686 182
778 892
47 465
486 659
60 553
397 296
952 583
790 443
174 972
794 457
568 663
607 286
663 24
376 392
799 456
692 568
931 832
509 436
951 285
19 846
743 223
546 889
505 725
129 383
790 116
137 852
337 325
175 704
344 708
827 241
591 72
594 177
564 964
78 731
382 495
664 914
499 17
689 65
68 26
529 536
567 96
608 127
42 637
739 229
632 117
816 76
376 947
714 56
413 242
842 688
537 166
149 296
319 248
627 974
747 757
180 658
417 96
591 396
519 163
885 879
898 584
986 470
113 866
76 370
422 322
795 740
392 305
530 523
161 468
164 797
806 420
321 900
555 228
539 343
850 536
748 723
164 462
19 99
717 840
248 981
529 720
707 334
844 77
508 153
166 33
313 499
132 81
939 355
942 966
924 213
13 978
985 33
711 923
952 150
330 854
22 608
677 268
791 788
937 129
740 748
304 724
583 86
930 836
809 45
74 53
754 659
978 543
279 198
642 326
623 919
757 129
26 35
64 402
447 945
909 220
10 639
463 443
162 658
83 140
197 328
16 819
441 458
847 214
755 659
836 837
619 351
608 940
336 687
233 57
641 450
293 863
864 245
607 839
206 996
121 809
661 112
150 844
225 702
9 505
449 738
232 142
698 503
185 24
938 422
467 898
871 688
195 403
413 504
553 773
388 897
845 469
613 73
523 337
797 402
928 495
657 743
824 304
40 767
612 439
648 310
247 76
583 758
753 207
455 131
94 449
220 772
322 816
887 156
63 334
925 383
51 270
902 593
61 516
624 715
697 369
751 546
593 704
499 849
481 750
354 84
28 149
198 333
734 275
790 513
135 692
728 200
360 716
236 423
273 171
420 174
922 808
65 265
467 141
914 436
53 792
644 861
796 944
191 942
330 270
116 275
577 263
468 400
4 868
755 636
558 217
10 531
405 381
624 373
610 312
504 467
451 332
901 850
331 918
392 830
979 866
999 37
70 898
570 960
713 178
479 225
845 949
239 154
975 278
607 453
176 36
286 41
676 24
453 536
147 421
148 74
208 341
394 246
365 31
223 519
24 71
498 2
685 878
690 900
910 621
108 837
570 222
573 985
218 381
563 675
323 322
289 214
401 508
243 411
741 184
890 738
85 324
821 112
894 926
753 282
769 733
848 50
995 293
869 324
895 708
930 456
812 856
809 681
259 648
886 905
688 538
318 165
104 337
698 410
17 640
626 458
687 650
85 23
787 783
222 400
995 912
83 554
161 747
184 423
244 543
207 405
118 112
445 256
100 720
14 303
217 417
400 143
904 783
27 928
688 559
253 584
424 148
278 83
795 423
373 223
452 706
644 704
130 631
957 647
46 94
12 26
975 39
244 211
83 215
976 746
59 78
331 805
139 246
987 490
239 329
811 568
906 860
703 519
358 329
305 339
456 190
681 904
901 967
719 832
284 975
195 188
474 493
203 665
404 464
423 404
150 564
154 699
104 866
413 853
150 679
483 454
368 37
533 494
717 65
419 642
811 132
530 548
837 952
812 746
850 565
748 744
464 968
200 642
682 778
20 501
947 738
251 49
313 470
333 555
445 209
598 25
394 689
201 597
308 351
330 819
863 495
192 816
999 543
122 177
284 192
435 84
203 400
726 812
503 637
235 771
814 760
535 270
706 344
84 228
109 631
957 457
886 81
541 522
411 493
692 906
288 592
36 982
199 650
371 481
524 835
762 210
818 96
250 430
213 538
487 399
255 179
112 387
650 825
836 588
535 178
222 603
188 991
259 81
358 11
443 796
508 636
783 896
740 10
515 318
924 723
157 569
853 844
486 175
72 207
56 724
182 148
296 32
224 922
12 499
784 348
825 640
298 512
280 11
499 129
474 294
896 213
381 189
441 248
977 478
974 264
870 355
279 88
163 583
869 41
34 1000
898 641
169 535
189 588
854 738
85 395
947 544
674 184
787 395
401 452
863 668
904 429
769 517
368 256
898 931
350 880
26 842
484 766
639 778
424 641
288 176
181 555
972 234
539 393
387 164
305 531
804 563
473 869
735 5
352 594
2 132
433 439
145 507
164 289
679 578
477 166
765 270
286 743
107 466
952 723
883 681
975 249
969 432
399 829
953 124
899 477
810 672
836 928
853 526
841 78
658 571
511 398
225 241
462 198
245 766
482 640
157 620
619 449
505 609
414 357
362 954
913 570
988 154
870 868
590 706
849 580
888 30
484 489
476 441
884 871
2 746
335 914
57 266
668 830
394 211
894 310
626 912
556 107
119 461
626 39
824 467
152 464
281 748
925 171
945 565
947 572
342 54
949 86
124 969
846 966
78 620
212 550
69 891
55 848
734 615
700 819
469 990
722 707
356 453
142 120
643 565
424 381
873 710
415 929
472 105
847 930
313 639
613 524
84 318
670 605
984 196
260 53
70 889
112 15
244 516
463 858
528 529
467 287
340 23
509 87
17 173
809 153
407 784
162 981
921 352
581 310
908 170
280 939
658 961
698 626
419 79
827 858
59 180
791 255
353 983
653 250
234 245
949 675
399 646
516 566
330 481
738 482
135 136
824 947
425 3
842 388
794 291
120 164
272 569
770 344
555 722
992 488
443 416
797 561
194 614
48 822
894 878
93 544
279 911
112 830
453 680
517 547
738 806
8 589
685 877
906 106
301 612
751 612
111 189
738 921
754 392
546 68
712 292
401 499
939 127
688 492
704 920
160 870
401 396
789 529
522 956
924 888
263 718
289 311
437 759
386 619
920 719
236 125
959 854
543 919
195 573
649 128
796 465
929 627
229 710
782 100
711 198
436 416
443 580
613 544
28 250
485 957
235 806
71 180
308 666
516 71
700 266
144 886
406 426
1000 985
567 549
677 37
320 33
883 752
519 838
421 743
746 600
533 742
960 661
413 680
361 655
32 697
732 906
805 978
20 638
701 641
461 668
409 1
987 636
272 263
524 13
284 810
893 940
802 939
340 606
699 17
292 985
846 416
295 490
353 733
686 576
404 98
903 120
430 698
842 825
200 199
93 516
189 837
595 830
865 274
160 565
252 171
704 82
938 492
708 246
726 524
33 426
937 684
637 169
214 218
17 638
713 521
366 385
166 562
672 382
60 17
935 109
713 890
570 981
518 413
223 169
777 21
691 635
998 853
929 946
338 335
751 647
477 526
773 97
272 348
765 551
843 997
574 23
883 690
904 127
728 355
564 9
123 363
913 247
326 332
256 802
423 654
445 434
504 626
601 4
92 354
583 108
863 140
994 109
353 339
379 150
118 93
304 697
411 383
782 866
115 713
351 969
814 307
173 473
650 794
123 550
549 14
996 981
960 67
106 799
88 318
606 960
933 304
130 63
97 48
709 473
582 89
451 489
503 928
508 526
920 867
201 242
862 761
130 174
791 295
650 905
347 491
692 717
713 111
966 331
344 710
111 704
991 812
408 163
561 419
335 776
413 942
417 427
418 964
348 133
918 793
300 32
486 319
750 600
239 221
116 776
634 973
421 842
475 510
646 774
815 917
10 108
452 409
436 774
828 442
134 197
483 485
551 780
203 994
117 872
320 646
657 761
603 69
109 500
366 413
284 400
916 733
260 409
337 468
514 932
381 849
735 358
403 371
317 457
32 71
179 408
731 711
153 757
523 820
613 535
924 70
28 179
446 646
88 990
352 888
625 201
753 924
660 568
365 462
256 782
705 81
65 434
502 233
268 369
571 191
771 346
331 467
758 478
809 188
205 795
101 858
66 655
469 562
808 100
292 93
331 561
46 36
914 624
120 939
980 273
49 465
876 418
864 314
112 575
978 462
173 700
118 613
11 925
201 383
755 640
946 508
814 779
728 584
234 241
758 601
98 832
105 100
604 90
366 893
24 510
133 676
968 181
402 583
310 836
537 128
955 401
719 680
447 85
544 10
146 576
163 610
294 456
815 798
741 287
602 304
66 410
657 741
324 500
135 410
167 184
995 267
647 754
820 166
971 274
646 302
613 809
138 529
160 57
986 893
643 564
203 125
496 193
703 312
377 322
145 196
697 375
716 181
644 170
293 68
298 490
925 671
268 646
952 271
222 69
39 561
634 141
598 288
912 497
199 852
36 777
316 187
717 257
886 111
834 458
305 792
221 753
456 668
205 831
848 690
207 209
11 586
122 315
687 328
563 982
269 671
944 671
376 49
868 856
489 246
70 341
975 548
112 176
98 514
101 417
286 269
688 952
701 72
82 14
374 878
380 751
771 528
223 867
353 545
790 328
357 233
106 299
772 850
438 378
640 827
632 175
817 291
51 771
768 937
64 104
764 811
266 394
896 13
932 987
372 648
211 778
232 36
275 41
630 887
816 707
664 108
527 287
252 469
369 474
398 417
327 261
666 272
481 957
852 676
313 1000
511 713
57 850
372 667
930 569
18 31
294 944
460 392
763 33
51 157
825 684
682 473
728 311
365 873
929 608
491 435
273 4
607 1
238 732
97 984
153 606
490 761
52 608
145 450
238 196
961 800
156 710
913 965
739 375
227 555
966 66
75 623
960 151
202 358
595 389
561 309
908 478
861 90
871 161
487 728
666 203
421 568
814 835
393 613
361 57
862 975
665 17
335 597
67 491
323 117
162 45
918 21
718 14
404 466
423 406
858 405
289 918
931 451
405 1000
546 246
307 566
346 80
73 952
661 295
46 869
31 132
960 843
797 823
834 940
604 582
808 815
91 957
316 542
726 209
709 91
144 663
252 360
327 126
250 656
960 617
744 976
502 992
56 434
795 857
264 159
323 85
194 320
271 452
679 459
460 515
175 24
13 141
402 388
135 766
9 574
545 604
142 450
224 481
923 219
302 4
328 415
291 789
878 955
386 35
897 927
878 810
148 601
349 424
170 813
771 994
801 901
770 76
20 531
899 368
663 507
990 812
729 683
966 328
737 112
262 323
110 521
133 574
888 115
797 583
648 335
74 744
351 249
328 938
37 782
673 970
488 144
146 970
972 578
924 90
955 372
336 484
686 516
48 424
405 246
203 532
426 253
3 649
176 460
181 117
775 327
708 890
837 922
217 769
643 829
863 670
539 764
190 76
47 973
227 730
860 732
367 572
151 611
917 805
277 953
683 202
422 178
243 883
193 90
583 813
397 368
571 941
697 346
990 817
406 646
182 889
496 388
919 348
526 38
947 15
655 326
587 20
455 732
832 349
282 178
728 158
835 834
714 145
770 927
370 987
335 427
502 392
451 678
109 746
831 907
631 613
615 800
693 950
639 174
289 27
644 666
774 729
757 63
685 306
580 536
945 141
528 499
992 307
679 896
404 854
387 512
427 607
905 963
653 293
475 331
811 757
776 880
693 761
140 719
684 860
453 400
245 777
898 319
663 765
279 756
505 462
955 291
43 301
469 99
978 128
873 110
391 879
305 490
551 973
59 711
462 640
447 95
764 768
466 575
33 480
911 453
824 469
567 359
950 405
204 335
441 907
868 806
635 533
821 443
530 731
116 690
651 665
601 534
411 459
90 21
437 352
403 432
972 825
411 845
626 82
184 193
366 297
596 654
99 430
919 116
325 656
18 56
654 286
900 174
773 952
26 735
503 257
847 940
951 296
412 375
216 112
933 179
494 530
627 866
886 253
173 638
335 88
943 110
490 642
416 737
291 975
184 637
791 131
260 946
834 459
325 212
326 183
365 723
726 564
819 466
433 179
89 561
54 557
878 883
904 628
468 403
699 297
790 64
115 990
442 306
478 556
562 35
934 628
430 851
694 492
594 989
756 636
462 32
124 519
125 314
162 292
269 576
980 532
968 500
732 117
715 865
755 780
115 109
391 962
488 857
936 737
629 924
171 348
906 921
870 350
640 229
803 275
533 102
699 834
441 54
333 448
10 37
393 955
730 884
767 691
716 647
169 732
497 255
3 1000
209 195
235 630
659 289
937 711
281 895
668 285
256 395
366 346
39 400
170 65
542 724
243 466
137 152
838 912
768 278
753 232
651 585
668 375
869 722
255 518
235 762
859 452
913 265
515 621
661 823
727 615
190 753
819 227
881 118
633 765
549 553
454 85
365 550
350 243
614 759
886 72
193 477
268 393
558 418
762 189
302 88
14 588
940 554
120 885
126 143
881 44
914 697
898 82
546 704
803 243
991 35
483 783
46 319
84 758
594 199
249 546
470 906
418 17
731 523
664 809
746 173
319 614
569 620
719 754
432 812
161 226
275 358
849 61
946 977
845 9
990 658
959 1
321 405
969 612
877 888
959 523
678 619
863 677
419 788
920 783
812 741
636 481
723 686
88 567
204 117
540 767
759 485
227 287
507 172
22 992
57 877
169 875
96 965
777 100
282 522
672 158
798 562
839 482
416 988
36 541
890 342
429 570
122 188
839 115
161 520
899 806
938 832
855 645
269 226
669 577
191 781
31 568
969 703
142 451
93 367
899 196
26 344
248 488
637 850
222 828
371 482
45 631
232 828
799 436
430 169
515 5
93 49
991 520
656 221
755 569
487 366
415 221
953 734
577 154
295 571
963 125
876 606
229 388
606 514
555 540
480 742
353 616
181 216
301 904
806 879
699 797
8 952
834 636
409 607
907 488
397 922
638 770
34 116
694 976
404 358
635 520
462 724
858 281
877 715
971 522
627 476
741 108
45 739
700 399
412 168
109 498
778 329
337 751
726 131
604 555
366 274
937 640
5 88
47 957
532 303
943 375
691 710
6 395
574 49
8 210
597 240
925 697
710 433
974 608
643 504
938 804
667 494
364 610
578 223
583 82
4 309
188 442
302 182
269 919
295 923
631 759
583 368
197 437
788 872
865 139
923 343
46 42
837 229
32 628
168 340
649 747
745 606
961 521
736 405
572 997
592 959
172 283
689 135
999 422
837 7
923 738
121 438
840 132
275 595
82 443
926 342
250 901
616 863
665 456
777 518
667 662
680 253
902 126
103 689
531 464
497 210
975 973
264 653
953 660
601 740
142 690
859 172
458 719
354 556
375 134
782 450
964 481
983 327
878 107
919 703
5 43
540 806
930 416
758 917
535 939
2 949
172 675
156 481
375 420
74 657
221 990
166 65
180 200
744 809
302 385
461 880
808 518
401 80
972 265
921 809
773 968
499 853
389 575
526 144
692 184
661 899
848 918
190 677
412 743
362 438
986 524
607 188
274 640
922 820
562 367
728 123
800 344
615 110
110 237
805 217
224 426
187 286
260 578
286 710
737 876
477 169
652 211
121 135
802 672
430 225
509 376
662 924
149 51
352 445
619 17
841 111
163 119
244 106
262 377
301 157
968 358
756 205
477 508
996 604
23 560
649 208
73 727
845 945
43 705
578 876
427 856
927 159
57 299
828 560
617 931
485 179
753 411
345 608
953 353
366 142
439 582
216 139
462 669
156 698
517 398
90 212
146 674
872 414
603 30
857 120
705 546
119 240
584 353
802 296
165 504
716 947
462 814
284 474
13 564
532 544
277 911
462 857
138 563
892 278
696 121
551 389
147 835
172 964
217 139
164 390
865 759
347 792
973 708
231 478
52 755
430 432
605 638
911 547
865 465
904 819
300 612
230 749
14 674
734 45
44 609
444 331
763 623
526 975
620 172
749 592
880 769
607 438
528 429
893 517
240 575
150 140
577 656
638 299
894 177
162 726
469 970
129 391
828 263
175 664
380 670
474 727
770 392
440 603
628 500
684 326
211 748
12 459
110 482
958 652
524 764
600 764
716 966
872 732
12 553
786 660
270 573
336 393
122 662
871 615
927 913
95 596
753 472
971 609
350 638
96 521
684 138
461 319
262 816
66 337
697 241
650 99
739 618
995 500
647 679
638 592
56 86
700 775
440 245
422 5
464 267
35 992
642 738
56 453
610 628
312 943
795 938
118 263
283 254
925 291
16 27
706 434
998 938
13 826
216 186
308 853
492 95
365 487
256 805
27 98
544 72
726 800
462 587
625 179
164 265
754 537
297 232
90 994
801 712
913 22
37 150
224 483
447 779
305 806
892 766
70 102
1 621
679 696
996 976
588 630
663 388
685 460
499 329
121 191
585 200
857 627
537 365
60 537
573 375
140 854
162 762
344 713
842 328
297 821
712 428
67 683
234 152
241 748
3 615
131 837
941 405
876 750
681 1000
439 1000
613 493
851 472
449 616
358 760
16 633
413 111
479 604
300 321
930 72
94 829
663 814
613 207
621 564
91 253
437 409
208 63
964 398
358 949
660 903
848 111
920 876
540 685
833 477
669 79
251 96
622 81
750 10
255 936
94 494
440 145
410 346
668 265
183 474
769 906
592 243
703 257
598 57
744 903
948 216
218 445
701 288
155 388
363 281
1 830
592 273
810 360
23 389
423 687
338 601
355 333
154 890
19 546
458 78
459 667
304 600
322 689
481 617
213 119
763 422
247 713
50 7
639 219
860 104
999 195
505 267
676 166
288 751
348 55
476 156
224 237
277 349
351 716
984 727
880 984
537 329
98 637
289 528
823 215
382 445
59 906
322 582
284 877
35 821
50 587
492 904
861 305
537 107
115 147
997 849
746 83
395 285
125 118
316 797
572 699
974 67
932 603
209 59
409 649
434 215
840 99
788 387
333 474
959 378
724 733
633 514
638 831
954 870
189 763
206 651
962 317
324 562
60 776
561 537
800 703
857 386
643 795
809 551
208 938
906 295
468 660
565 98
694 654
967 501
973 649
344 265
451 936
890 284
636 776
564 93
571 971
329 548
314 189
189 16
446 673
361 859
696 188
74 368
184 400
624 942
161 928
155 237
408 691
377 18
364 376
574 415
501 984
575 930
745 799
796 909
932 221
956 203
909 251
912 33
822 548
163 489
221 163
538 231
878 538
87 127
620 879
344 530
131 4
703 778
826 779
770 421
595 200
262 265
836 166
822 497
475 198
349 545
760 120
7 95
637 462
271 666
30 416
521 731
314 187
833 857
595 806
65 759
845 74
854 561
980 756
674 427
949 867
564 590
781 808
570 219
631 755
973 46
685 762
155 915
449 370
711 638
270 320
481 833
781 844
747 990
397 579
683 118
333 689
136 243
508 842
89 181
754 129
176 570
601 786
839 504
877 69
588 56
147 834
576 720
298 314
190 868
194 379
941 621
507 992
381 903
517 389
705 109
152 795
687 821
377 460
31 689
7 120
490 597
127 280
628 787
810 288
904 933
448 97
247 915
505 112
931 833
880 36
308 533
130 309
59 409
459 675
471 738
412 635
306 210
398 514
903 547
82 994
879 864
553 252
987 523
719 267
979 182
887 961
287 159
453 163
55 147
455 853
315 862
807 505
742 506
675 399
380 671
14 799
219 795
419 333
461 419
887 827
28 975
747 481
732 915
396 619
309 974
104 728
195 163
894 483
641 13
826 3
992 359
416 419
732 377
332 847
243 348
869 48
428 442
926 73
103 760
308 224
271 924
249 113
1000 48
854 319
604 978
751 941
859 343
21 566
333 708
673 111
69 942
677 687
854 25
786 857
256 536
920 559
298 143
448 304
156 97
360 988
752 462
734 690
937 364
421 67
117 724
104 449
890 451
839 109
92 790
577 139
844 261
296 243
153 654
733 82
731 925
38 295
575 516
136 299
496 377
905 633
141 183
549 10
457 98
596 235
136 521
107 494
110 835
202 310
40 421
426 898
838 235
306 472
475 499
974 987
315 106
674 534
569 974
16 205
948 974
71 873
510 219
936 782
575 25
439 197
666 187
957 904
742 486
45 78
557 58
364 976
819 603
350 35
551 708
903 210
741 726
541 331
466 820
659 671
951 223
794 662
906 972
870 405
746 143
908 292
489 382
481 724
272 839
923 983
29 796
105 174
214 280
324 328
509 724
704 806
691 780
618 340
13 845
32 270
655 798
90 60
860 552
424 616
445 814
104 240
51 395
755 435
899 884
544 280
912 860
513 531
398 15
900 475
630 334
338 820
730 366
113 160
900 68
888 794
450 729
397 510
182 892
917 775
809 902
256 770
960 278
578 221
153 605
378 951
506 224
342 602
844 696
577 19
481 422
395 626
931 516
644 871
814 339
447 814
965 813
733 257
326 217
457 30
940 605
540 423
250 463
258 456
480 88
351 719
373 259
959 93
417 617
733 35
700 172
554 815
3 565
97 306
831 763
334 1
637 9
603 584
309 717
609 479
929 464
366 560
975 681
983 242
619 847
767 523
917 224
152 422
72 349
237 893
646 113
668 729
650 124
959 458
267 516
555 843
328 566
21 765
233 777
775 420
725 521
941 319
567 514
530 617
63 3
973 363
445 818
369 248
316 961
189 333
318 179
85 140
822 958
325 669
507 854
164 541
436 278
591 930
460 352
302 391
360 532
830 185
320 162
472 29
292 264
921 728
499 964
304 758
856 387
947 108
808 294
627 788
166 432
374 311
191 839
875 254
930 981
918 302
639 254
641 971
128 674
435 478
73 801
368 703
460 955
338 239
974 992
187 510
525 426
233 364
658 589
899 333
666 64
685 164
297 739
524 102
983 963
783 967
953 532
269 642
758 533
708 362
525 652
167 647
205 464
998 151
394 97
177 375
340 805
822 743
846 107
663 627
251 751
87 93
461 136
967 847
822 131
826 334
895 434
980 330
427 137
164 972
897 489
394 571
854 387
322 16
950 662
661 481
344 748
655 199
624 527
786 882
713 978
181 844
593 260
541 252
427 452
472 219
234 966
346 700
131 456
924 27
448 613
69 636
765 911
416 802
255 321
293 100
630 311
888 850
431 234
14 390
326 500
423 664
592 474
624 462
499 928
135 662
981 372
397 151
923 243
726 740
750 782
235 59
572 218
611 804
424 154
596 208
157 924
122 347
80 262
783 660
473 755
757 67
996 909
979 185
583 459
328 325
757 500
101 624
139 159
174 234
343 663
291 40
590 652
737 104
612 844
386 492
615 75
230 47
962 702
188 351
637 352
534 326
703 360
99 881
707 910
907 112
620 641
349 949
52 456
471 390
898 516
679 468
261 324
209 147
835 99
12 698
489 675
533 488
598 203
777 830
768 215
753 431
772 743
755 297
683 452
946 814
358 798
864 767
591 836
169 126
852 708
869 354
483 59
711 387
434 493
327 122
209 607
174 539
605 781
576 917
365 340
28 295
76 223
411 84
218 744
863 122
888 878
505 162
948 484
79 696
687 953
299 776
752 60
147 489
593 812
832 228
373 12
619 812
620 3
433 367
658 864
74 107
610 41
335 64
469 153
54 722
213 548
287 237
733 429
718 515
503 537
297 537
687 268
239 114
325 459
111 606
940 664
832 817
120 3
743 37
893 664
129 481
24 713
870 168
484 499
357 843
603 623
694 346
56 730
543 99
512 733
206 915
957 873
524 268
342 377
341 680
893 107
324 314
676 727
237 519
9 901
640 821
528 764
98 323
220 618
521 611
470 230
626 840
419 676
741 105
124 125
911 131
256 455
242 208
812 708
944 951
47 969
485 572
17 750
259 697
797 169
621 485
34 567
757 677
422 182
777 389
766 992
455 442
437 603
54 491
269 178
771 304
773 866
867 155
705 84
43 589
355 335
286 975
938 690
832 337
580 983
635 260
81 644
670 773
268 509
93 330
917 663
260 617
325 141
823 386
71 409
314 766
6 728
45 894
173 329
983 728
529 177
19 883
442 282
575 878
482 555
184 810
549 271
511 436
538 48
810 829
376 137
999 419
767 839
650 569
651 320
452 173
413 909
361 100
436 594
941 503
858 567
15 542
43 289
9 401
612 327
671 163
509 774
275 306
501 918
944 131
798 34
30 72
893 224
34 919
988 724
536 461
954 868
212 846
780 744
143 152
38 966
332 231
222 561
917 448
425 167
388 160
943 603
542 449
610 304
678 769
365 250
59 58
521 202
557 764
688 629
502 957
449 39
344 267
967 221
659 84
454 816
75 429
146 144
611 476
773 821
80 404
902 731
174 706
160 284
821 985
547 193
2 499
338 571
100 558
709 600
658 134
606 208
113 429
773 727
79 880
939 755
688 945
47 406
965 895
865 315
867 405
316 501
463 70
35 846
37 317
168 164
131 824
695 36
559 408
961 633
804 17
715 694
899 319
573 332
386 150
852 261
637 633
585 134
508 563
479 953
809 462
616 960
712 799
110 602
366 960
991 867
685 52
188 524
908 277
452 169
555 712
862 980
278 857
559 988
50 764
16 564
401 826
163 807
521 729
595 808
634 782
394 241
12 512
665 346
545 788
319 57
466 543
489 710
716 643
129 917
171 126
981 545
673 208
102 522
603 19
474 165
930 742
419 892
132 355
816 760
453 549
124 165
933 543
555 37
43 969
118 399
543 524
969 843
916 658
791 518
702 167
781 556
194 454
863 496
118 169
636 814
14 20
986 973
111 404
592 332
333 866
744 663
606 317
878 582
700 674
520 8
740 675
605 525
861 913
2 326
934 839
757 800
615 646
861 770
538 295
41 773
369 688
136 623
11 621
502 500
554 589
622 702
153 236
151 329
174 154
656 245
982 829
969 114
117 467
629 56
478 524
710 971
306 389
514 126
861 85
3 511
611 658
233 216
272 396
71 788
917 468
627 559
386 412
813 99
559 515
548 272
491 673
366 847
906 982
889 630
768 795
128 122
93 542
2 267
25 998
86 416
210 474
764 981
195 50
961 771
24 879
300 163
522 233
190 379
236 284
507 469
949 246
401 576
238 103
591 718
833 581
320 688
582 876
507 66
548 724
639 910
682 245
609 819
848 21
591 839
692 626
762 583
730 25
696 937
678 841
494 414
251 167
237 392
293 438
277 785
482 81
263 974
341 410
518 556
293 7
957 224
678 1000
173 561
49 995
265 574
777 846
71 150
532 740
682 329
576 988
496 982
745 955
514 542
205 881
386 246
672 350
475 665
490 361
681 384
700 420
178 347
27 818
64 452
865 901
693 892
927 735
609 64
944 299
564 972
984 540
858 899
436 639
591 193
512 734
827 471
756 439
594 54
941 291
125 192
570 447
453 729
537 632
629 592
323 733
65 701
444 908
263 328
285 432
953 158
994 882
774 92
209 254
194 842
46 795
413 492
952 354
328 540
976 152
942 841
206 733
262 787
85 404
485 426
656 970
727 545
423 868
337 739
52 114
716 425
755 437
702 236
372 84
27 436
355 3
781 739
928 185
203 87
325 351
466 241
647 938
539 398
633 607
61 990
869 615
505 204
677 308
239 903
350 36
278 321
801 632
480 408
895 840
723 186
183 604
240 958
353 369
496 359
830 588
746 523
952 231
526 325
107 63
70 65
183 866
224 369
315 170
351 696
338 265
174 99
384 481
681 269
974 906
153 164
939 965
852 482
836 943
3 457
842 280
666 106
25 98
159 167
343 350
698 955
563 463
44 217
324 121
146 777
789 209
538 979
784 447
676 869
842 589
807 461
185 838
438 400
21 424
295 313
333 70
569 680
440 372
292 765
561 828
154 762
836 498
531 612
635 458
197 696
920 330
89 537
204 899
66 835
545 256
621 533
695 478
916 409
494 133
463 918
782 454
983 323
273 726
754 9
369 927
83 843
9 44
855 773
397 685
184 198
807 998
890 424
321 115
341 112
754 235
442 921
481 629
27 257
750 266
411 110
636 92
674 552
772 846
222 444
84 325
781 489
875 466
235 819
87 690
236 8
992 726
520 109
482 136
527 874
770 973
678 194
170 573
959 767
601 503
505 458
882 599
876 79
566 951
918 300
580 859
396 62
70 173
280 543
478 390
181 721
482 605
211 9
361 660
69 107
824 844
393 866
742 322
995 851
511 427
3 386
465 844
228 595
887 796
858 758
286 375
489 137
107 726
422 887
778 594
546 411
601 488
578 540
422 966
833 941
408 16
427 860
802 864
410 725
767 553
536 443
812 472
590 873
358 534
324 642
987 66
698 403
475 790
495 347
479 806
463 229
394 464
413 468
832 212
492 435
328 596
402 839
740 153
43 955
264 828
601 629
512 194
329 794
829 605
545 14
242 176
80 339
544 322
454 797
240 137
834 151
339 559
981 100
87 737
313 668
902 708
562 557
344 6
986 637
182 826
218 739
980 158
84 200
340 50
72 688
217 425
776 354
905 578
710 159
343 622
567 546
568 644
556 855
849 842
848 660
705 317
798 966
340 272
714 37
73 187
697 849
130 82
594 527
225 80
376 484
999 4
88 472
897 764
258 398
707 709
687 475
799 253
305 105
34 425
609 59
195 754
392 883
82 136
474 723
590 829
901 958
386 413
599 561
276 116
883 162
153 303
707 880
104 731
615 985
33 321
361 204
694 158
822 67
589 332
57 331
186 417
849 167
46 909
496 781
838 930
471 384
110 192
39 252
976 814
314 461
777 979
834 644
670 38
893 167
324 742
89 975
646 63
439 727
167 233
995 504
779 279
661 515
321 147
80 364
269 426
458 485
283 242
726 90
449 238
195 542
385 49
532 391
611 390
459 917
138 674
929 661
36 308
187 527
80 605
134 830
674 707
916 772
373 921
88 231
516 177
221 341
919 447
359 491
344 768
145 305
53 856
862 454
574 75
405 271
460 878
64 399
482 914
156 599
326 771
971 709
292 183
365 807
651 801
997 675
956 381
794 64
832 819
372 116
68 365
694 425
578 603
689 239
393 570
324 84
965 138
556 345
638 37
306 648
551 598
110 386
383 906
63 776
335 567
822 47
21 84
239 75
519 5
211 663
745 50
907 495
485 247
475 801
208 164
134 188
925 223
546 20
290 342
722 437
688 365
265 744
967 981
308 118
290 713
811 105
613 941
529 737
212 522
375 46
123 177
285 834
927 663
363 622
700 807
855 794
403 267
91 400
933 935
169 842
812 781
679 389
428 989
126 850
515 539
916 570
494 661
633 719
407 38
728 245
878 639
495 409
390 799
746 949
307 355
933 507
117 120
466 320
374 345
691 137
842 39
445 298
24 922
689 984
782 611
291 132
936 207
331 647
315 26
154 148
282 449
457 687
864 305
918 210
576 485
245 710
173 105
977 32
272 326
935 949
206 211
637 693
414 826
309 714
888 149
963 325
110 414
368 777
756 404
498 388
731 209
323 51
276 219
978 819
336 454
214 315
369 258
189 759
831 184
959 503
543 756
584 507
142 695
270 360
54 451
510 769
791 594
132 393
730 956
440 194
830 499
578 376
233 525
677 612
325 830
646 289
117 631
743 999
869 696
265 266
507 875
734 766
695 876
938 995
540 851
522 738
248 873
411 97
344 444
514 370
700 553
868 503
781 488
286 926
838 731
808 410
683 970
634 148
563 144
748 236
89 281
207 929
66 635
13 32
512 890
749 726
975 238
199 693
224 431
443 911
28 547
819 472
469 735
300 931
236 717
849 766
645 717
426 857
868 944
953 680
736 296
799 338
140 794
253 255
918 873
866 534
426 635
375 652
853 780
214 522
875 716
954 181
918 984
478 963
634 925
141 785
271 742
879 381
989 461
257 316
6 145
449 596
690 554
702 617
722 347
480 530
778 89
473 41
406 914
346 857
792 85
495 346
189 539
449 374
266 260
108 973
434 676
522 981
261 15
230 76
158 409
387 515
845 321
725 667
565 66
697 442
997 454
679 254
646 269
578 463
835 452
912 679
161 757
308 332
563 462
821 906
973 767
575 671
246 3
948 259
375 123
611 75
212 6
786 309
532 689
443 826
904 188
62 132
437 538
303 655
558 147
870 929
999 7
893 512
236 561
902 572
44 380
63 672
84 653
966 359
71 641
974 882
617 727
988 90
936 933
440 530
832 758
50 527
881 811
880 706
771 629
944 111
11 184
345 726
772 829
884 313
9 431
281 294
341 514
416 423
637 601
141 902
254 529
439 673
812 445
194 868
730 850
750 273
256 335
369 458
167 27
189 575
427 246
198 695
604 942
368 654
551 639
82 960
164 882
799 967
177 360
459 182
520 347
899 880
393 260
527 489
507 601
829 721
553 759
75 119
5 188
577 233
726 970
532 631
644 105
387 192
544 77
31 657
948 487
787 931
628 883
19 525
445 315
283 384
891 727
162 819
844 743
495 693
386 907
282 200
174 986
729 353
322 729
940 303
861 868
112 301
420 126
179 892
930 956
562 672
912 222
535 84
27 677
926 563
98 458
235 326
165 543
791 319
45 57
799 208
859 621
141 486
490 152
875 775
971 964
413 67
561 52
64 588
29 758
158 906
306 649
326 716
186 467
426 450
651 7
764 900
177 700
627 132
885 868
612 720
629 606
261 276
677 924
876 905
418 273
902 39
341 919
647 369
959 456
597 853
34 848
915 201
807 111
429 835
544 685
519 222
29 171
821 191
364 830
829 644
781 737
801 163
363 510
824 124
414 951
256 760
811 278
743 851
959 918
247 128
839 444
786 200
952 160
887 245
912 248
853 96
178 792
344 80
236 38
457 343
795 171
467 266
196 948
774 779
353 844
790 482
190 514
439 453
330 129
39 875
575 784
671 586
908 808
32 539
491 158
509 545
165 721
576 216
896 735
835 170
870 873
266 971
842 262
916 430
225 264
251 394
800 776
611 684
7 481
120 145
33 558
713 156
162 394
642 128
2 739
674 785
336 665
154 550
328 973
242 815
404 34
171 361
851 507
327 336
73 543
663 984
280 159
357 479
858 340
507 302
289 87
552 971
366 103
82 614
1 149
12 893
53 103
419 837
42 264
88 582
360 235
275 130
481 937
557 616
63 483
782 375
603 214
877 971
933 969
554 510
692 96
432 618
199 112
401 185
866 431
39 715
811 370
905 249
744 815
170 454
454 838
57 536
496 72
294 799
498 698
961 50
240 64
486 631
748 862
730 497
93 399
990 935
866 241
630 350
795 183
444 95
791 429
766 910
322 639
586 272
624 931
587 41
880 61
255 399
57 762
779 923
670 868
348 658
420 39
719 397
187 276
870 555
230 330
156 617
171 579
749 614
420 438
690 20
193 532
126 154
970 996
700 221
577 654
289 582
81 932
279 563
407 638
376 168
33 601
521 822
989 298
582 443
345 840
351 241
91 380
590 854
862 987
775 960
499 211
887 451
487 914
755 898
716 559
533 111
315 594
968 430
471 367
733 632
972 784
648 678
825 648
376 723
842 598
677 805
215 874
384 728
459 316
632 516
116 669
155 519
324 930
386 890
616 24
972 263
639 868
143 415
570 937
838 315
942 917
299 757
997 906
38 286
255 764
882 854
204 814
170 362
652 730
231 692
239 954
972 299
905 358
264 378
448 503
446 582
485 932
252 913
736 794
2 466
240 105
204 524
390 853
264 457
448 102
388 572
912 469
586 308
934 890
115 756
923 247
616 611
139 548
859 924
688 964
239 671
386 87
978 733
830 522
762 196
268 23
974 593
741 842
391 347
361 374
932 77
45 510
519 607
866 729
499 480
541 975
585 167
179 690
590 656
42 874
974 883
336 579
944 258
230 35
983 995
349 183
381 77
956 441
405 173
156 764
654 816
310 250
349 512
468 190
228 855
64 912
262 940
430 707
586 573
542 7
91 102
190 276
281 514
265 133
17 996
168 908
873 841
160 812
604 943
237 210
807 74
167 235
298 86
983 261
336 737
695 689
19 80
256 622
664 283
648 928
389 206
671 458
397 755
569 162
675 549
223 33
298 136
543 882
274 401
442 863
904 104
208 661
728 364
820 388
576 928
175 32
658 186
397 38
201 701
516 44
187 399
482 846
122 409
70 969
444 246
706 705
102 510
636 642
257 925
96 739
598 578
212 249
163 471
820 775
650 815
174 181
509 314
992 220
45 56
908 506
124 983
508 630
399 705
20 650
608 923
591 194
998 192
323 968
513 136
533 197
555 533
292 629
21 401
334 200
708 61
209 498
858 462
234 420
510 521
284 596
674 492
693 304
159 628
38 591
609 513
275 212
604 796
578 739
775 447
501 720
528 53
146 375
534 930
920 882
298 74
744 22
137 72
488 340
787 2
902 977
796 332
707 315
910 508
569 190
735 361
368 393
611 343
965 235
83 910
457 825
672 177
414 355
564 71
327 235
118 148
355 226
265 718
817 844
195 909
17 413
218 566
153 621
557 967
192 901
778 948
658 158
772 170
813 962
61 189
653 921
253 661
734 92
99 9
524 650
121 3
943 176
122 300
729 380
913 901
532 985
939 937
192 210
466 465
440 844
793 840
457 906
839 545
418 799
980 390
742 308
612 768
349 678
210 236
784 291
91 275
755 824
967 412
833 966
392 668
965 509
859 790
25 177
646 840
281 472
826 869
395 352
971 705
607 985
686 552
871 596
507 289
767 647
409 546
95 622
8 252
722 260
997 142
926 138
656 922
470 6
589 116
152 329
765 275
78 634
971 269
851 935
342 814
679 165
312 877
666 836
11 783
759 91
445 47
670 568
564 91
345 730
416 795
950 856
455 410
458 138
818 843
349 595
833 78
83 539
340 170
322 461
30 810
131 241
114 619
501 153
143 638
517 333
611 190
313 871
767 291
114 845
266 650
69 199
658 932
788 779
771 95
115 569
979 160
266 450
585 825
236 719
609 163
809 417
573 328
331 677
215 451
803 313
400 858
275 918
149 945
421 956
776 645
335 858
942 246
983 990
334 514
417 505
195 31
202 557
558 454
245 585
48 187
413 877
457 633
767 663
45 290
229 453
211 582
695 232
310 142
613 303
885 522
724 648
746 192
53 767
38 516
24 82
975 569
93 139
384 810
962 283
302 1000
232 100
161 56
61 607
392 244
858 75
324 931
200 657
493 20
699 681
756 942
887 196
122 974
895 713
472 817
364 775
754 187
226 864
199 87
644 224
928 7
362 346
605 853
439 407
364 37
790 585
630 264
830 862
344 9
363 231
164 284
195 342
347 910
277 731
350 483
44 826
904 939
869 781
781 155
109 904
988 407
853 377
914 399
808 150
992 979
404 577
113 961
524 850
852 71
636 750
947 365
839 971
897 576
572 70
899 398
799 361
732 924
880 919
718 603
866 726
836 994
962 236
418 839
991 619
693 648
571 228
555 918
183 250
392 709
563 584
197 970
950 152
715 773
954 87
901 972
352 75
140 542
968 103
433 797
110 340
493 436
313 550
24 63
703 705
707 770
378 630
165 617
159 403
823 680
20 43
95 529
242 967
495 267
643 702
156 443
873 191
360 6
510 107
281 690
122 512
678 611
439 181
518 504
206 628
823 153
356 161
564 334
930 368
514 982
34 556
706 888
14 838
946 525
899 897
516 524
874 827
167 624
716 246
848 966
777 334
367 658
953 765
765 799
839 248
770 513
380 125
934 788
593 918
864 571
868 564
28 327
452 523
543 213
205 877
810 401
830 596
396 265
349 14
222 804
116 303
765 571
525 11
835 911
683 297
934 577
701 842
775 583
596 96
227 991
552 312
340 678
637 5
675 694
289 547
956 376
225 226
317 690
67 515
840 257
90 672
732 791
275 974
810 981
606 635
383 550
756 12
974 255
498 268
225 460
656 258
504 856
59 837
390 47
11 166
439 534
559 769
546 160
987 30
627 55
828 870
326 440
544 961
449 643
328 935
766 780
803 672
474 246
703 987
160 841
397 564
289 171
132 767
328 623
312 116
21 596
668 985
820 212
793 517
627 706
204 145
702 144
170 1
544 286
742 206
711 354
35 901
806 178
95 969
520 486
911 834
292 274
610 885
986 160
516 1
934 816
458 73
464 810
785 32
87 904
644 877
531 352
761 225
943 179
862 417
719 344
685 408
278 22
761 82
893 597
552 83
956 173
116 434
797 879
568 925
453 357
165 561
847 53
741 530
119 898
177 99
235 911
805 609
720 787
771 913
429 269
181 412
189 929
426 533
778 824
923 875
798 261
90 934
864 129
497 1000
574 460
449 589
485 135
902 118
6 59
746 380
33 511
313 90
453 842
954 865
189 756
450 192
532 795
751 114
343 555
497 91
698 980
161 396
949 91
808 833
436 2
40 747
717 143
555 60
4 846
189 470
411 836
319 887
179 288
387 300
240 274
683 144
406 601
354 262
270 56
758 232
308 845
361 739
147 668
79 601
133 401
450 567
681 145
109 931
360 133
389 729
283 330
965 890
369 438
934 943
135 590
581 426
162 684
31 905
958 222
515 52
239 746
365 859
921 365
776 424
597 720
980 200
527 645
434 724
36 96
475 384
883 575
504 517
191 245
525 420
656 242
474 584
989 183
112 597
222 542
409 120
399 568
599 553
894 127
435 992
148 239
738 731
578 868
172 21
803 400
395 318
717 367
533 109
173 911
158 460
319 36
360 43
307 548
125 885
536 46
366 1
441 942
11 460
308 186
545 224
233 876
507 42
845 382
895 344
388 129
815 538
7 681
566 440
75 511
518 319
756 990
373 766
253 841
41 293
352 823
80 486
267 200
1 974
164 398
240 28
826 895
518 601
813 871
463 914
635 485
929 638
472 194
662 628
101 934
652 570
302 135
620 390
586 306
895 780
346 679
382 977
10 886
961 830
212 112
982 596
625 489
218 769
295 859
773 583
853 745
434 873
878 788
898 373
73 8
37 429
884 832
671 802
753 13
589 661
166 914
667 923
889 799
618 167
49 96
126 846
57 966
701 293
885 459
177 260
659 648
785 709
290 253
146 142
72 445
864 841
422 625
388 545
959 298
397 813
803 310
311 551
116 989
11 411
195 454
471 269
717 117
114 10
976 177
498 173
856 279
48 740
622 210
881 372
116 755
172 716
800 877
341 67
470 297
18 230
274 124
114 383
740 415
644 197
517 81
666 957
539 441
540 918
173 667
943 459
51 195
341 689
970 279
751 622
735 21
937 230
212 438
801 599
236 76
221 288
316 84
109 619
576 832
114 771
481 12
870 614
230 641
654 295
287 346
325 147
480 196
723 768
795 415
377 188
666 480
667 857
886 335
379 935
431 252
396 337
768 951
865 64
519 701
191 49
301 76
836 388
894 213
434 623
665 217
595 24
281 160
713 229
163 132
710 108
148 304
367 428
793 61
243 114
599 721
86 524
927 150
456 233
737 360
667 645
165 858
289 991
660 314
502 570
609 662
239 87
811 830
3 781
907 483
747 736
894 657
973 30
154 493
998 435
234 580
551 769
494 242
13 658
363 725
881 272
848 103
80 241
445 807
489 931
311 962
974 340
394 758
505 442
887 60
502 986
972 975
639 655
913 319
342 883
515 543
329 560
554 59
863 55
350 158
463 933
65 30
47 154
654 118
948 343
507 929
93 424
50 192
94 131
991 403
615 807
250 133
506 235
568 354
808 305
753 425
815 22
247 592
710 328
602 232
936 405
50 157
168 63
190 141
283 286
305 890
503 891
823 408
684 962
477 92
371 457
62 686
202 180
213 706
452 782
89 588
932 48
805 782
221 87
405 400
605 241
953 656
625 659
348 94
519 673
885 353
872 832
780 211
349 676
137 972
600 414
709 196
604 446
346 474
572 732
846 487
794 322
86 552
15 612
475 99
918 931
461 12
299 177
618 401
929 346
842 729
609 690
694 699
685 893
671 318
270 509
555 273
773 490
332 142
502 634
525 805
33 111
622 283
553 880
325 926
578 709
116 644
890 723
63 415
484 928
604 913
864 718
939 156
152 762
415 836
32 400
180 8
518 336
422 69
631 249
868 157
942 892
468 771
570 579
39 708
223 123
498 550
360 539
786 43
545 816
146 76
75 129
134 588
942 943
583 41
861 903
787 988
712 524
442 631
169 469
689 542
299 854
875 247
641 851
292 21
610 120
562 908
505 446
287 274
969 463
788 789
943 377
700 105
3 235
279 366
552 48
348 947
379 879
549 301
224 112
279 588
569 892
676 928
399 571
934 84
430 567
139 86
20 819
169 222
498 341
858 533
453 523
43 259
299 591
107 888
185 214
4 638
884 336
668 645
635 602
888 177
439 718
428 605
466 680
985 680
87 184
935 110
630 834
920 829
460 78
156 375
358 885
965 589
554 334
317 292
816 589
173 564
782 342
570 948
826 538
721 320
481 571
619 765
247 212
277 775
422 240
836 244
322 444
765 904
435 71
678 1
956 675
614 899
61 1
189 76
9 702
912 441
537 860
888 968
778 842
947 81
65 353
329 298
165 948
719 509
60 78
338 424
896 892
36 935
348 881
347 94
297 405
26 253
197 116
315 233
481 193
317 571
838 135
804 51
219 629
382 3
644 580
118 521
874 187
737 97
987 11
85 590
944 261
232 631
88 157
220 456
58 415
2 303
851 342
581 961
547 113
380 774
966 517
93 743
34 247
219 49
703 707
581 739
214 500
973 15
767 712
436 822
403 167
521 584
121 960
109 371
642 536
81 466
928 437
855 234
972 902
595 665
427 379
569 54
221 891
939 228
512 127
754 221
847 840
422 141
596 712
887 91
251 189
736 987
19 307
99 97
304 550
1 809
826 784
957 250
902 677
856 467
285 701
969 724
476 508
113 414
98 42
890 62
172 897
821 652
1 715
125 900
810 415
494 988
963 918
835 992
505 389
876 140
298 117
199 535
936 73
455 531
776 402
838 188
693 935
641 564
788 973
245 380
28 662
480 789
537 679
766 385
453 272
93 809
176 676
477 394
901 468
483 853
581 20
315 17
214 711
475 233
361 360
99 773
112 497
154 974
466 812
820 739
451 128
728 9
861 341
521 650
760 952
506 880
468 655
916 173
276 204
154 736
980 820
676 557
988 719
582 117
560 462
448 979
507 503
418 412
155 595
707 30
527 299
342 39
327 305
574 882
99 302
501 590
835 354
284 484
622 94
548 837
312 997
535 942
255 544
187 832
247 253
520 551
84 440
66 223
147 517
44 285
739 252
79 583
207 562
635 63
411 9
745 440
457 347
683 997
904 918
718 981
648 411
448 161
946 224
162 851
715 421
883 775
455 614
60 118
596 160
965 789
468 275
199 605
663 50
885 78
832 262
26 53
409 171
211 115
180 970
395 840
123 847
415 389
954 457
662 910
81 547
813 370
409 84
177 16
982 895
590 604
190 680
384 223
906 551
135 155
713 55
550 930
755 652
974 174
870 79
157 528
879 759
594 289
608 954
555 741
385 237
275 605
978 228
483 734
828 430
656 352
70 408
570 490
882 392
881 825
8 864
836 105
358 669
984 796
163 897
437 34
354 704
831 342
372 521
409 513
638 804
592 652
534 611
815 307
885 853
246 973
962 306
502 635
394 294
747 860
143 225
601 611
37 780
765 272
398 465
990 623
238 144
369 103
226 744
703 78
744 117
820 170
804 791
195 185
180 9
626 73
130 994
369 240
665 899
282 729
337 34
194 509
213 79
626 472
75 418
21 840
890 12
433 748
269 382
570 755
703 445
544 26
1000 716
549 775
847 575
240 65
402 432
631 911
966 176
516 231
700 260
592 389
175 330
714 184
17 152
550 258
383 471
319 216
334 681
170 950
636 978
66 743
550 669
753 615
224 275
980 202
31 792
322 908
679 968
59 195
650 994
12 251
453 327
405 964
756 160
595 98
867 713
427 692
814 960
598 875
233 229
452 1
89 841
310 99
439 773
421 778
561 487
287 849
769 242
805 660
20 828
12 746
888 182
525 533
160 695
987 186
290 70
560 168
920 96
157 135
15 281
789 834
385 568
920 911
774 30
262 834
125 996
697 227
76 168
847 751
461 482
688 298
462 901
159 879
643 894
192 516
14 253
255 619
256 565
403 326
591 793
66 148
503 329
929 786
148 748
492 222
185 963
856 329
928 86
690 830
108 398
44 934
631 994
93 495
330 995
938 738
136 312
869 778
563 243
691 38
157 357
344 187
515 884
248 471
926 830
340 431
495 525
586 18
439 474
353 925
32 668
562 107
788 921
736 346
609 204
957 522
728 890
11 832
983 526
396 318
272 372
187 131
458 580
372 141
547 227
381 73
236 972
178 510
548 823
422 917
205 283
41 714
867 882
267 184
675 7
768 867
509 997
241 591
702 812
849 264
794 699
506 861
457 747
439 527
617 901
374 590
485 221
217 535
776 720
452 24
828 861
347 565
466 762
933 730
575 149
498 171
650 60
209 292
356 221
838 900
950 731
57 152
803 999
151 595
393 271
639 772
915 125
627 664
352 870
593 344
118 285
778 698
943 356
835 423
565 210
35 891
810 235
709 999
194 340
86 366
549 846
626 447
5 668
522 566
230 933
875 400
352 563
994 126
362 500
847 655
994 209
210 704
961 792
49 710
296 183
680 928
115 581
409 206
620 138
328 282
93 6
576 96
426 907
922 20
425 596
227 960
176 862
839 449
120 163
434 666
222 646
824 905
126 33
309 591
13 1000
771 950
828 317
138 377
414 467
604 468
417 422
382 286
906 866
779 496
48 70
250 884
380 811
36 495
607 848
699 99
150 627
465 99
428 369
285 280
984 769
475 950
115 479
119 511
817 359
12 711
768 109
399 129
287 121
134 182
871 701
730 819
572 910
989 722
95 647
721 92
481 791
794 800
627 342
183 667
422 460
9 57
433 997
787 6
290 562
664 379
803 48
544 273
995 472
414 755
200 827
592 604
648 815
285 687
799 968
541 456
207 328
433 711
291 737
204 882
406 658
84 296
958 639
678 78
607 60
238 561
316 139
378 956
730 393
624 956
1 677
442 593
387 432
705 221
235 461
763 451
31 513
640 800
435 348
23 125
40 211
100 754
697 802
899 442
690 16
279 324
323 620
219 527
36 79
41 983
813 369
135 773
221 198
747 130
768 525
684 369
421 789
119 780
727 461
859 765
902 331
6 796
524 345
836 219
976 530
837 302
310 166
438 363
846 20
479 533
480 669
689 495
582 626
106 331
567 458
950 502
309 502
257 347
77 122
849 225
280 228
836 505
225 824
85 448
342 465
143 224
470 217
882 250
665 608
996 118
359 822
398 470
38 841
574 879
167 175
817 766
587 736
270 140
380 116
809 702
57 833
898 921
539 581
725 370
668 540
311 849
458 295
526 236
571 965
271 403
353 436
744 675
649 307
880 419
447 592
937 60
297 157
406 297
597 10
622 207
822 865
257 575
113 421
520 227
84 34
625 450
53 873
311 277
280 399
147 23
886 491
482 997
14 636
239 759
168 172
631 605
764 15
533 581
914 585
975 80
487 346
625 701
90 490
760 164
462 44
563 707
215 332
474 710
508 297
919 711
257 389
667 734
599 128
785 879
115 486
479 521
744 406
89 66
535 183
587 832
313 364
403 141
495 499
11 368
768 85
146 665
988 688
424 779
168 917
208 98
112 562
742 995
858 164
911 99
273 538
682 886
601 638
319 775
566 268
806 287
867 674
954 610
740 23
482 294
375 492
910 265
694 608
147 991
223 13
999 667
570 549
415 814
959 855
255 328
7 714
204 194
776 11
498 731
589 677
302 283
505 141
565 415
571 166
607 116
658 173
838 328
970 208
239 821
27 945
471 921
239 666
679 649
720 753
773 580
226 275
979 211
118 877
619 200
913 833
718 556
519 602
478 756
949 649
220 91
991 830
561 433
335 826
945 82
340 620
15 952
436 611
956 438
559 523
563 588
802 812
414 62
110 489
510 391
516 830
280 62
46 706
110 344
310 18
65 681
547 849
518 210
498 89
461 163
834 671
263 493
746 435
547 830
894 715
275 483
350 613
844 257
820 845
52 247
768 160
697 254
669 96
707 437
484 890
801 40
674 790
130 824
481 980
722 746
797 220
677 550
134 831
971 201
224 809
307 193
734 696
425 14
239 419
669 819
796 153
764 375
160 493
344 122
724 622
403 579
243 896
411 220
957 52
855 665
595 817
927 843
350 451
334 964
151 22
905 534
959 687
526 454
31 556
434 38
813 618
351 575
525 182
175 269
892 753
988 811
179 838
145 298
107 543
442 412
704 39
334 742
565 379
930 908
705 387
244 223
534 174
809 509
507 372
624 428
889 666
873 323
585 471
570 357
534 392
64 578
432 230
954 119
723 302
262 94
50 700
405 942
944 144
785 252
621 920
214 278
570 54
347 243
773 499
850 742
377 884
164 952
858 237
812 392
695 498
474 242
203 912
885 846
213 343
752 695
949 67
94 586
207 873
333 670
371 535
281 771
156 185
358 819
642 750
19 115
460 231
247 233
235 545
967 240
713 913
843 814
352 771
556 585
406 544
902 613
655 439
895 530
700 540
463 934
658 8
680 720
936 378
374 438
377 402
356 936
986 572
880 23
58 831
476 450
296 104
574 287
190 516
943 206
191 853
606 140
199 718
370 972
960 14
13 390
88 577
89 544
988 468
395 847
656 166
359 149
935 844
735 718
3 257
426 876
106 962
430 832
419 209
165 573
706 883
525 269
509 74
234 812
422 835
760 248
357 150
702 794
479 647
135 443
836 196
341 738
68 110
675 222
108 694
392 161
959 286
102 773
188 416
17 790
881 727
159 785
775 265
67 204
453 967
739 606
351 268
124 154
865 916
55 804
498 835
601 914
123 82
485 583
303 287
99 477
317 398
347 628
891 105
434 426
610 563
314 897
425 53
868 367
695 821
570 753
749 150
674 659
379 289
247 215
562 656
155 234
477 923
723 991
500 300
42 810
283 195
738 32
44 625
624 135
733 379
538 379
885 32
482 597
102 266
35 866
140 51
56 830
862 272
999 105
965 41
287 61
126 239
612 850
809 783
922 252
747 353
196 505
162 313
235 405
739 807
318 940
945 902
231 673
159 132
162 424
533 151
978 198
928 863
784 403
548 372
586 515
28 104
310 131
77 140
741 357
918 393
929 379
574 36
287 625
3 838
557 275
523 143
191 21
718 153
730 889
551 885
608 277
732 59
205 185
864 638
171 134
725 563
125 8
217 836
290 520
599 335
679 247
352 860
369 146
152 841
283 238
88 838
142 39
324 846
401 159
735 172
38 84
442 837
422 247
748 809
533 12
256 853
352 954
246 804
165 34
869 935
448 461
636 918
450 535
770 566
383 151
347 901
222 19
313 791
598 350
305 677
201 788
718 967
421 263
259 180
408 666
690 208
528 763
377 59
583 159
362 289
783 617
163 336
464 869
553 88
572 236
502 301
32 601
593 747
585 623
1 398
850 861
421 633
616 775
157 771
451 506
468 452
288 467
183 979
704 250
465 714
139 137
893 650
804 141
737 102
276 358
153 21
709 8
110 639
571 251
33 744
548 281
253 13
698 234
794 697
228 861
362 647
102 470
607 911
557 230
65 680
101 58
103 668
414 217
751 208
474 108
77 1
744 258
66 306
593 216
199 498
897 338
355 816
582 869
347 436
169 948
99 311
851 772
602 130
974 554
756 911
483 37
467 680
503 190
711 373
490 779
752 618
803 886
570 599
40 566
611 289
95 976
613 659
852 573
191 461
97 532
818 716
708 712
87 669
71 248
184 484
243 899
999 924
639 501
18 791
537 829
190 617
468 139
515 850
18 678
330 148
745 819
670 934
936 76
315 153
614 543
26 220
619 183
35 262
478 612
336 179
437 277
814 2
892 976
732 893
288 846
382 34
384 397
331 864
940 658
723 98
272 128
448 516
983 556
361 485
179 660
842 380
185 599
572 837
774 521
644 632
197 792
73 266
367 424
423 330
831 601
443 392
7 11
182 376
93 712
337 30
444 790
146 572
351 186
572 538
341 559
838 932
474 64
186 316
812 408
100 410
525 829
506 593
678 561
241 292
630 798
925 72
215 808
401 747
365 123
591 701
13 543
91 919
536 776
994 732
829 235
601 989
977 906
979 837
355 10
941 879
229 557
915 428
131 509
593 698
406 545
958 498
818 609
949 757
854 163
9 938
605 871
49 885
739 836
956 759
740 270
799 859
341 325
14 469
252 608
437 978
810 348
333 801
597 116
190 698
84 153
182 762
40 223
57 743
166 387
539 167
740 620
18 40
446 915
434 971
173 881
199 606
934 535
495 583
211 116
675 645
552 88
71 544
845 717
478 546
281 102
562 49
637 619
927 507
840 467
589 712
16 846
349 747
25 105
334 413
187 240
199 29
361 449
220 28
633 288
374 797
766 51
822 481
236 790
898 305
167 660
314 56
667 756
29 723
767 943
492 787
589 443
935 659
2 621
441 187
388 598
767 572
877 349
807 341
720 453
594 418
951 856
725 828
375 887
171 705
509 653
938 407
129 191
831 160
687 807
125 989
479 858
109 457
899 657
497 47
988 340
38 222
806 805
299 654
66 143
51 353
548 971
575 727
679 163
313 542
540 939
311 627
890 288
193 48
907 860
749 27
382 732
556 180
499 800
786 438
371 902
259 458
264 588
990 113
579 757
912 480
508 897
127 249
883 887
421 354
39 951
939 749
135 564
411 308
303 770
251 748
679 743
245 31
541 706
671 535
395 792
657 461
70 154
143 794
520 963
336 816
152 92
362 236
724 210
121 259
361 300
134 938
20 729
332 667
704 270
390 319
887 791
68 173
70 471
970 705
537 418
478 824
814 822
543 156
763 922
756 65
297 906
854 978
214 637
346 301
771 686
280 83
962 627
821 316
113 767
811 890
725 976
967 631
673 238
169 706
860 628
113 985
405 711
564 368
985 733
125 594
461 282
782 753
782 346
910 271
490 788
108 747
289 455
881 429
744 995
6 762
838 541
216 316
81 465
101 648
162 995
215 879
130 743
630 258
140 396
910 216
388 814
255 475
681 240
44 816
982 766
809 84
403 775
758 17
926 829
230 670
356 813
990 164
867 443
636 740
269 803
128 665
718 562
83 121
794 201
474 902
231 493
239 634
776 728
176 672
80 236
950 227
314 1
940 973
559 374
908 307
620 613
237 647
704 520
148 127
997 564
741 408
686 507
979 623
511 490
56 918
403 171
959 422
207 827
327 440
750 281
843 585
842 876
920 797
831 73
621 357
697 109
536 813
541 2
652 919
797 218
216 361
894 826
695 831
865 844
402 66
97 698
43 700
501 392
434 371
207 602
853 84
412 286
648 20
156 29
43 602
642 17
583 92
58 793
826 911
210 556
451 810
725 299
786 273
677 493
537 941
667 62
908 647
83 311
787 165
896 860
387 375
176 706
983 713
451 584
13 497
141 316
200 4
942 86
675 377
420 324
353 815
64 678
34 321
984 631
355 167
162 271
89 789
515 273
45 327
407 560
314 20
757 334
816 272
524 33
449 857
720 94
110 536
864 12
438 19
629 772
680 285
827 388
569 553
441 321
533 206
771 601
663 607
362 760
581 707
344 121
342 345
894 666
774 74
263 467
820 956
678 566
749 76
293 540
868 896
246 532
104 109
433 905
12 800
677 742
130 875
52 791
578 365
483 243
454 944
492 259
112 10
534 788
773 36
317 360
483 64
705 775
706 120
924 39
251 859
4 5
193 196
446 694
268 658
571 811
754 479
97 928
505 75
41 169
723 965
120 622
47 391
145 379
93 325
184 735
386 103
84 205
373 245
818 930
642 930
897 529
625 436
681 490
19 783
774 825
666 350
124 812
328 313
681 379
617 629
338 142
239 434
944 370
562 129
102 78
286 257
574 578
383 627
332 711
629 887
791 456
672 283
945 723
413 898
287 889
736 99
594 129
243 85
903 35
780 814
200 160
161 794
651 91
600 641
252 140
180 721
132 604
834 594
814 612
108 851
647 316
775 267
524 494
546 49
416 342
698 422
769 342
891 269
782 460
341 804
347 511
192 572
501 558
1000 387
549 592
952 102
476 892
975 950
169 796
612 48
673 412
655 100
816 869
787 148
386 519
242 461
425 59
53 547
863 22
344 733
95 184
777 319
619 562
361 838
251 470
948 304
715 103
19 476
331 286
867 160
199 562
773 732
867 305
562 353
874 512
502 372
785 6
421 754
829 213
163 475
836 727
425 491
197 411
529 160
349 112
795 346
619 126
384 455
148 544
22 457
887 865
466 63
528 462
732 305
418 826
202 709
170 785
996 755
508 742
534 455
723 394
8 263
275 637
239 180
358 344
661 500
221 135
141 776
591 304
793 361
333 96
825 824
419 523
518 245
963 70
858 304
574 556
502 890
826 35
686 702
105 483
218 2
570 863
313 238
910 269
522 986
744 198
636 492
449 510
893 507
200 664
240 421
812 647
701 723
707 363
502 869
123 112
824 77
866 472
672 129
569 255
367 746
61 939
110 682
194 332
754 404
791 761
350 91
795 250
977 755
688 874
799 786
602 736
655 286
763 67
94 92
123 700
472 372
273 133
499 605
468 224
839 819
509 460
457 113
679 650
792 566
414 719
724 17
581 392
473 145
946 55
286 556
508 644
144 5
73 161
776 586
524 984
124 852
350 201
791 274
280 756
7 259
745 512
909 867
642 62
442 72
478 650
7 400
231 886
660 462
733 144
738 518
229 401
600 603
528 219
594 73
206 899
832 638
73 235
724 580
29 666
525 565
824 706
362 769
495 419
456 892
669 426
941 325
466 615
696 632
567 271
189 43
1000 174
238 514
730 859
911 258
551 795
458 678
207 993
30 286
15 494
740 704
25 702
492 280
896 290
852 712
659 40
701 445
62 233
258 924
138 729
929 818
839 467
559 925
311 666
938 770
227 443
389 1000
908 584
613 165
696 146
990 980
517 492
956 860
1000 520
541 513
291 551
282 174
890 59
981 352
982 539
342 698
610 74
813 615
580 886
365 652
405 277
413 746
503 770
75 571
205 584
261 822
80 915
889 227
911 398
620 789
826 959
508 543
179 617
19 976
685 335
390 373
432 443
864 414
776 836
746 990
254 201
699 76
51 607
707 969
876 732
254 856
556 226
764 925
256 6
702 607
774 184
722 137
315 549
462 692
229 151
600 853
158 173
392 341
865 312
594 662
18 403
181 69
788 211
53 35
305 846
120 753
372 839
302 666
363 263
621 328
270 180
648 836
192 576
708 520
549 524
623 918
381 864
41 381
756 796
226 803
388 470
743 842
657 923
549 669
326 270
903 922
652 666
800 109
70 771
80 563
128 932
959 639
476 206
222 233
852 160
692 969
969 324
957 507
199 600
537 569
386 23
480 230
672 759
157 856
196 738
219 515
55 185
577 697
942 115
357 945
876 403
954 325
771 777
922 231
742 300
196 384
489 154
475 347
276 280
214 740
380 724
181 485
37 833
646 689
977 270
323 715
984 882
500 764
181 278
862 887
25 826
355 543
923 785
287 104
755 94
756 269
918 532
650 414
688 37
272 856
854 662
586 716
932 976
534 612
848 283
133 949
560 495
501 779
212 850
449 352
548 640
570 184
592 784
989 818
21 512
100 15
158 762
916 275
739 976
152 704
579 187
599 164
583 739
198 519
472 775
455 108
864 691
144 292
481 529
152 623
669 982
434 583
116 59
489 786
473 181
838 582
623 512
402 282
297 112
562 572
411 232
700 658
76 892
795 142
942 723
959 659
319 397
50 74
197 265
75 997
611 823
203 99
987 836
783 647
329 18
537 533
373 377
528 432
714 391
644 622
244 202
82 221
118 338
547 381
361 274
991 33
862 678
573 433
150 354
707 611
923 558
232 513
201 266
303 68
79 297
742 414
718 3
702 644
428 309
802 230
342 279
829 799
42 691
298 857
835 114
854 690
473 780
124 475
950 321
642 526
682 995
208 586
650 402
116 631
63 40
352 587
879 202
699 560
367 934
481 851
726 780
20 136
928 286
461 125
38 873
703 105
227 160
816 579
800 856
711 402
14 198
470 260
761 757
249 457
526 861
958 576
659 124
740 659
146 89
60 503
565 362
92 768
109 862
825 469
368 88
540 56
152 873
283 1
782 997
790 560
256 967
448 127
3 47
443 820
282 250
84 66
5 982
335 115
987 672
70 132
753 518
221 104
11 758
177 194
897 713
400 815
112 537
852 301
262 986
549 459
521 950
793 953
206 230
408 345
63 571
798 426
563 547
693 656
270 835
110 514
861 474
319 274
272 535
367 6
793 219
25 833
138 416
569 636
699 769
920 210
206 819
119 534
859 967
533 394
17 150
