1000 4914
340 442
31 6
89 766
471 223
973 353
368 553
620 975
795 390
905 311
466 496
194 237
665 587
694 806
242 354
381 633
36 511
176 540
457 518
441 828
353 511
958 268
667 130
429 13
621 792
776 688
640 366
270 217
63 489
573 374
989 286
703 141
706 227
988 275
803 362
547 263
34 904
618 616
586 916
257 610
718 476
920 403
177 978
613 656
241 453
306 91
657 536
999 269
32 77
16 407
197 787
829 941
153 751
795 415
236 408
798 295
211 970
673 308
752 646
894 577
415 695
146 204
679 506
404 981
406 817
881 775
498 763
686 845
713 121
321 850
50 304
124 212
571 293
972 637
240 595
884 273
354 804
905 538
28 351
982 536
786 761
235 901
967 332
491 31
436 383
883 817
590 167
538 828
121 555
411 580
225 68
751 947
439 304
415 286
307 165
509 26
736 35
455 450
748 878
635 804
258 688
388 828
942 560
295 839
156 761
965 263
915 526
418 74
660 573
229 463
60 257
498 412
173 130
113 214
963 250
229 983
547 420
951 374
604 248
107 944
515 130
990 610
609 857
8 929
473 112
172 876
869 850
502 848
509 323
153 30
893 214
822 804
568 888
565 776
807 266
455 625
661 250
854 830
151 532
485 324
824 434
660 483
888 334
386 11
633 601
832 556
941 390
482 928
500 28
358 280
674 633
487 433
566 651
56 139
274 190
221 666
950 319
321 201
8 985
703 43
25 656
462 266
210 291
86 59
621 153
269 4
793 108
182 336
879 813
667 964
762 17
246 230
930 934
102 748
88 651
26 525
548 939
715 429
332 997
518 178
631 138
317 478
264 214
671 901
691 132
896 779
802 385
91 138
272 475
364 420
789 202
535 15
518 77
386 2
812 221
723 791
315 770
111 49
339 30
340 333
967 974
967 21
751 983
293 848
455 908
153 358
39 518
112 372
315 716
78 984
64 263
85 734
361 234
177 675
982 560
235 302
678 790
203 687
679 630
590 450
918 512
335 279
392 953
870 196
210 429
375 869
85 250
733 332
491 585
991 250
441 903
115 344
278 745
459 673
134 226
457 913
864 526
86 875
485 769
456 4
533 539
418 401
419 856
681 122
289 189
521 291
647 352
189 29
762 833
284 338
49 938
356 562
231 77
804 558
587 323
590 556
937 203
575 218
703 642
727 635
64 169
852 495
571 525
799 158
675 366
548 842
311 976
628 195
774 171
540 810
738 506
615 621
154 771
725 157
48 924
910 460
253 684
345 443
971 603
146 9
293 881
612 351
365 420
83 469
124 612
692 633
557 328
217 164
623 57
163 759
586 570
296 309
385 721
78 955
521 778
302 495
893 621
106 314
804 597
197 897
402 638
165 29
55 511
225 149
864 898
245 239
72 223
691 518
971 625
565 476
198 223
36 782
857 203
735 305
789 958
294 706
425 190
299 349
163 87
691 695
66 613
86 778
693 274
932 559
215 537
92 82
737 760
666 308
364 514
867 988
28 124
638 253
68 656
125 406
595 929
733 215
800 561
361 400
846 931
886 668
886 833
394 786
372 369
552 475
981 760
368 10
395 688
450 573
783 365
653 373
331 158
972 973
57 645
412 720
904 906
137 796
634 322
300 389
670 284
121 672
454 162
873 88
987 875
469 496
181 408
421 355
143 503
883 611
210 512
63 166
401 683
85 602
396 619
343 595
894 227
401 619
873 121
238 440
664 15
793 519
441 922
262 856
792 695
140 759
252 108
550 872
644 157
972 258
295 782
702 346
81 646
644 83
302 836
824 643
380 835
509 741
328 297
699 527
679 126
812 80
218 203
83 650
946 747
176 178
621 299
417 951
841 672
553 539
908 715
849 522
428 432
814 952
103 275
710 889
417 947
737 189
313 104
238 70
114 843
979 872
564 503
800 448
432 618
87 170
874 763
54 108
954 506
259 446
617 633
886 260
431 882
30 787
694 188
805 407
163 804
129 257
972 963
348 504
825 504
833 856
131 673
337 422
651 108
563 157
102 811
585 629
819 762
566 784
805 947
907 248
757 863
327 850
544 900
962 495
727 173
674 27
766 472
490 258
859 448
533 468
517 10
313 113
556 987
977 170
812 954
246 410
49 24
428 947
490 988
215 291
991 212
128 229
19 374
916 1000
6 250
902 719
124 767
380 286
147 432
354 884
245 318
542 316
799 269
145 291
969 836
197 187
381 377
257 523
368 333
591 111
372 183
118 994
873 193
211 890
186 15
42 867
354 562
626 452
863 87
990 182
225 605
184 891
155 478
454 988
691 256
293 217
382 717
418 26
553 250
469 686
94 193
131 345
403 540
98 156
23 778
697 29
69 510
965 562
927 143
842 216
382 17
664 680
38 887
572 622
294 205
829 3
927 721
63 960
674 442
910 267
52 506
72 835
172 716
459 31
573 65
621 419
775 216
634 713
798 438
908 869
248 610
149 600
371 935
563 396
958 390
317 6
564 919
712 898
306 162
568 625
806 255
713 512
733 767
94 631
457 617
204 952
203 720
369 338
567 397
757 953
97 408
225 195
5 714
797 861
778 305
797 243
545 589
196 911
909 879
783 511
736 66
201 170
535 366
472 440
594 819
170 449
404 482
266 162
742 780
595 200
747 339
72 109
235 749
749 694
804 234
842 788
606 666
111 792
8 758
636 800
246 495
800 626
265 887
144 115
61 967
272 85
182 456
255 130
899 829
292 597
731 980
497 112
170 739
298 444
980 237
301 929
330 220
893 71
144 415
73 15
753 842
568 629
610 821
624 127
295 199
626 756
997 558
963 169
432 410
752 948
893 848
438 128
386 625
758 985
998 881
818 352
307 241
931 523
418 353
457 906
222 508
424 307
332 52
647 272
634 586
357 534
377 373
970 978
490 572
825 631
330 350
777 340
26 442
940 429
63 787
112 676
467 817
969 606
712 31
966 496
161 434
497 1
589 828
220 161
772 374
384 607
593 630
64 232
562 683
972 135
691 638
730 687
787 13
108 161
364 878
237 504
735 265
865 506
496 776
278 143
579 789
272 630
762 576
95 633
122 602
861 878
864 99
844 636
974 232
8 57
155 631
265 686
858 553
361 724
620 608
913 234
895 19
499 317
715 828
991 433
23 355
682 137
478 938
742 536
467 822
733 586
124 877
893 89
141 415
89 918
338 133
617 474
534 504
149 303
995 332
459 718
724 506
691 583
926 41
678 169
472 783
693 829
844 740
424 861
591 554
551 469
830 30
212 804
428 425
321 609
759 748
419 899
270 843
914 45
763 216
238 933
520 769
312 149
847 880
27 202
194 420
966 75
529 536
894 394
877 178
808 882
287 207
870 396
96 323
408 127
172 232
83 8
352 396
676 19
345 159
669 554
699 338
681 675
131 203
974 397
649 503
144 19
124 109
74 606
249 174
375 463
620 491
985 431
549 534
566 412
573 606
733 570
487 598
75 806
367 305
556 21
896 860
815 888
321 634
268 538
52 340
275 495
652 52
24 376
902 184
316 443
337 858
305 539
359 680
31 415
464 986
118 381
620 433
509 572
679 501
865 214
425 396
703 36
492 231
669 116
743 205
85 706
124 296
190 720
196 885
125 524
273 214
718 960
630 604
150 161
222 39
510 835
35 99
825 287
350 770
775 871
283 408
500 352
563 66
372 244
124 14
513 284
324 728
628 612
240 877
618 822
577 290
775 323
64 411
7 981
411 503
33 58
877 164
914 174
623 576
730 821
220 323
520 73
996 492
547 586
256 626
780 108
177 688
971 381
842 233
704 602
132 355
590 60
895 328
131 652
278 877
28 796
468 158
107 182
752 412
470 307
790 786
681 574
41 196
332 304
540 845
83 597
283 259
85 88
621 555
983 452
92 836
842 900
593 733
498 261
83 781
499 228
326 569
206 440
395 286
450 416
432 155
286 202
723 155
531 227
435 182
392 102
714 143
105 37
884 772
759 999
499 350
909 354
197 235
995 802
770 1000
291 106
443 181
244 605
632 686
798 48
230 109
379 360
144 750
513 928
841 531
326 79
389 409
594 768
218 24
44 225
231 746
599 625
563 80
798 759
322 373
507 101
253 181
552 223
509 598
898 288
333 646
812 224
274 643
560 340
779 495
471 646
52 208
142 139
806 772
458 926
402 899
666 610
496 447
945 46
425 584
743 248
299 843
801 207
659 720
731 266
343 21
716 9
855 82
827 766
991 951
812 664
204 599
812 585
974 159
731 699
605 104
548 554
715 1000
265 182
934 897
565 43
544 461
829 181
903 722
943 159
950 322
435 266
105 273
264 269
861 836
379 653
791 885
196 461
383 775
634 462
890 379
998 232
211 678
141 751
751 288
218 572
111 522
458 239
810 344
334 954
389 309
979 118
709 598
893 15
825 202
782 139
239 109
425 783
852 351
393 342
578 799
325 659
217 58
943 532
309 31
611 720
382 687
20 59
173 863
211 139
182 983
603 576
394 840
291 748
823 95
423 365
151 279
315 854
231 446
971 190
839 27
5 538
38 526
443 166
761 407
706 989
361 204
25 289
823 182
996 495
457 470
239 447
383 826
593 994
942 224
283 933
855 76
450 792
841 440
317 523
515 955
251 796
93 347
863 412
204 322
684 180
995 675
681 733
873 290
282 43
302 57
173 387
144 55
328 468
736 561
328 609
203 954
886 669
26 586
633 482
500 242
427 306
176 45
766 717
341 339
967 948
920 156
413 630
464 665
774 946
713 830
660 230
238 717
382 142
294 762
703 508
118 469
524 104
500 589
372 445
908 348
802 51
986 276
797 33
366 569
846 327
809 816
573 960
243 856
427 744
617 208
448 746
566 139
168 164
609 586
660 742
704 188
205 81
301 835
693 918
30 340
840 11
328 739
865 943
241 514
681 829
150 944
337 119
609 598
873 920
604 358
508 248
18 864
488 689
476 316
779 27
405 27
372 543
335 661
84 33
980 862
564 663
63 641
823 53
571 196
131 477
994 367
421 769
297 883
959 480
319 604
747 957
912 139
282 118
714 11
476 669
682 627
296 299
777 726
166 669
647 786
444 296
615 260
377 448
64 672
947 387
354 340
896 228
588 349
544 181
700 871
595 714
168 655
759 985
335 379
872 739
889 715
375 31
620 411
201 11
70 555
513 109
472 411
146 475
735 303
593 258
739 511
777 75
409 366
172 830
637 46
909 9
484 446
324 862
271 954
81 577
131 921
682 865
266 688
488 821
268 102
677 371
236 229
34 45
136 29
93 642
521 881
386 249
114 552
979 348
135 982
312 836
177 164
287 171
882 666
453 191
842 619
862 192
391 53
961 334
64 370
628 784
879 655
32 422
710 985
824 984
125 717
201 191
587 599
126 184
900 897
320 828
82 768
854 697
397 911
432 69
320 479
437 233
35 43
741 654
467 483
140 669
749 9
72 59
273 433
150 888
118 330
902 711
744 663
484 264
283 632
855 267
358 289
60 696
203 452
933 536
443 99
755 600
466 303
296 168
684 113
371 918
979 493
392 561
562 200
375 934
727 205
985 918
305 113
324 171
146 248
255 619
325 303
44 872
352 52
151 956
851 333
339 580
893 875
450 887
163 252
364 350
535 891
258 728
591 910
741 46
689 913
532 767
639 582
163 845
590 281
755 770
206 614
532 373
85 223
469 299
750 99
174 250
141 683
870 89
439 569
426 831
18 471
190 58
890 27
673 921
488 193
634 886
159 430
214 576
617 416
76 504
386 631
499 192
79 861
44 273
459 694
246 381
504 833
528 78
515 901
358 454
665 734
4 390
759 49
239 496
85 503
66 405
568 633
933 697
464 780
536 610
991 537
23 795
498 725
65 875
173 138
266 73
925 607
394 607
325 900
753 747
550 369
307 281
330 423
734 600
132 239
540 764
885 738
264 739
617 924
466 996
731 331
14 885
588 208
384 350
387 503
494 407
498 33
925 317
64 1
276 768
80 788
195 534
896 884
52 711
648 607
459 925
131 584
704 390
888 99
961 115
121 943
69 598
395 463
949 940
857 428
643 964
164 446
54 437
809 378
521 877
432 746
872 12
767 130
499 359
912 995
23 158
961 499
14 938
591 264
3 787
647 106
115 503
124 747
464 851
925 399
981 338
285 784
508 594
39 68
327 558
200 792
771 835
114 185
258 306
579 324
647 582
545 855
355 116
709 696
128 770
767 781
401 136
935 625
324 985
231 840
749 1000
210 170
545 885
322 390
451 172
678 614
915 176
42 627
666 412
443 45
231 247
298 606
181 936
657 311
415 756
345 149
328 379
146 414
346 128
782 73
665 407
990 779
542 762
339 349
620 293
515 875
117 724
238 499
187 746
832 229
795 491
992 174
375 358
851 629
486 175
144 231
715 205
71 916
883 722
965 935
921 433
98 201
99 685
208 649
335 958
593 974
727 392
863 102
178 442
545 584
637 223
341 350
720 602
630 678
116 338
155 981
226 430
853 210
872 122
8 36
485 521
766 193
661 534
594 462
26 835
206 824
45 624
105 195
361 510
363 85
54 779
754 670
778 988
424 666
994 209
444 242
27 922
691 401
67 684
479 546
769 725
363 840
967 155
128 365
789 189
573 598
941 190
206 97
996 172
962 643
762 228
393 95
86 523
940 505
155 2
734 333
328 612
664 510
727 749
557 525
206 581
686 236
907 415
122 782
145 600
89 999
436 202
19 537
457 670
648 850
79 649
206 771
815 915
568 102
105 172
749 182
731 343
552 408
825 286
830 792
438 109
791 561
296 598
703 261
797 938
549 796
172 394
362 987
381 408
842 922
991 725
392 181
913 835
800 662
546 477
414 728
328 619
256 781
95 250
117 995
684 45
282 773
357 922
654 21
645 927
269 9
34 709
57 417
96 449
777 608
7 333
635 219
197 329
693 316
749 175
269 922
161 881
852 350
132 565
898 871
222 138
443 875
40 102
815 777
686 643
926 729
711 680
103 791
363 838
291 322
34 878
727 778
160 38
167 763
367 519
31 762
488 884
31 396
593 138
91 433
588 977
536 290
421 305
838 109
994 408
993 955
372 398
653 779
945 850
32 374
765 764
147 230
198 551
671 277
457 290
260 625
238 665
421 914
647 71
960 391
172 280
427 32
427 503
807 729
711 784
638 452
74 825
418 293
990 598
177 656
520 175
284 449
136 600
64 271
853 864
965 811
841 936
826 265
507 611
3 136
467 720
151 853
67 989
837 225
18 289
259 253
774 722
313 734
834 569
6 189
667 661
818 142
254 261
531 344
146 894
914 765
990 522
239 424
438 264
829 664
574 286
794 423
150 764
706 654
564 271
195 420
912 844
358 627
252 836
109 589
945 501
59 911
326 262
940 345
493 988
907 221
798 540
267 122
285 631
731 100
90 100
733 280
793 675
702 423
575 191
577 308
557 939
743 355
157 860
416 471
175 88
677 800
692 739
289 887
258 43
1 496
682 742
312 5
681 346
950 385
703 105
154 327
959 278
995 519
966 149
528 495
842 512
565 102
457 686
306 501
397 763
458 418
241 50
591 822
98 454
832 904
905 97
488 587
566 15
235 99
255 721
313 526
960 607
419 572
856 811
708 820
466 715
335 862
294 440
292 304
926 450
861 860
805 767
990 352
556 315
460 45
244 834
967 641
213 158
431 203
641 616
417 307
372 316
147 406
845 787
757 12
328 719
741 322
961 353
409 92
652 168
926 492
412 740
160 373
237 46
644 370
240 931
242 955
222 552
206 173
759 425
997 622
45 17
83 162
545 518
828 600
909 936
966 214
89 642
628 119
176 122
925 214
112 690
847 826
277 78
399 885
85 917
528 319
730 791
745 374
217 760
489 611
915 708
903 494
754 378
918 969
152 770
961 615
502 92
76 984
958 106
254 422
346 911
683 4
958 142
730 896
776 696
727 765
653 250
88 762
341 136
949 798
982 27
56 995
337 14
459 927
774 155
771 805
137 249
572 442
836 480
125 871
689 100
1 569
636 784
497 192
204 716
943 843
709 180
776 843
949 48
271 36
346 592
864 35
992 588
421 2
226 625
153 791
184 633
211 9
931 764
31 786
767 4
240 535
866 138
301 78
251 911
409 46
464 897
775 816
942 917
418 804
436 187
966 632
437 750
403 306
227 685
617 95
910 423
197 61
640 780
372 914
457 80
590 154
756 646
703 340
582 952
669 836
11 12
926 121
711 642
469 373
324 93
290 646
992 954
103 680
138 263
502 169
763 134
841 441
267 763
710 537
841 734
571 182
793 910
605 123
812 662
743 898
851 968
428 322
907 311
330 358
729 638
262 708
678 811
730 230
661 599
773 13
352 39
461 891
634 8
670 415
83 311
142 739
357 700
485 767
388 871
85 928
49 263
763 988
124 55
604 412
400 951
917 638
754 816
811 602
723 195
312 120
483 765
210 351
121 149
690 597
747 57
358 303
736 339
199 308
970 1000
732 572
369 9
979 183
287 882
320 627
890 22
502 879
85 317
140 952
624 411
401 278
585 956
518 315
796 400
51 133
462 744
121 503
998 819
262 826
983 655
258 159
157 922
166 97
152 314
465 575
869 558
795 760
818 390
801 777
894 101
803 279
128 747
91 831
697 840
841 680
403 542
578 890
151 132
903 3
284 446
893 947
119 821
622 164
513 688
92 956
252 575
989 448
420 304
556 165
648 478
280 739
27 452
797 653
873 63
103 630
107 217
850 21
1 351
186 213
88 460
683 580
708 179
329 646
802 84
159 250
894 726
125 694
435 399
254 625
743 417
154 45
990 6
502 607
943 257
710 46
927 572
895 555
490 389
206 946
623 983
37 875
42 464
989 97
813 303
830 663
468 586
859 836
915 598
93 494
863 707
486 218
630 191
114 915
953 817
870 819
771 936
194 422
140 317
896 564
839 748
950 428
491 898
312 368
184 549
168 447
42 242
451 19
457 130
173 544
428 779
325 609
949 236
742 526
822 228
113 836
669 685
837 538
247 100
641 536
54 944
409 804
429 707
713 342
327 786
801 911
950 819
129 707
114 102
167 240
796 108
354 2
264 977
64 926
229 951
692 305
172 268
177 804
491 423
734 481
475 481
455 256
40 322
991 937
499 487
856 387
341 190
676 442
386 758
623 775
920 118
697 183
635 611
484 448
319 747
801 376
86 226
201 290
699 47
238 921
596 232
210 871
464 566
375 213
321 518
909 584
894 414
289 138
625 955
883 628
679 791
168 143
867 134
116 333
98 797
154 539
153 708
64 678
733 155
20 523
292 685
78 947
24 3
922 171
260 271
83 694
523 351
873 18
208 236
215 504
68 651
309 46
455 654
773 415
313 913
777 592
532 58
137 373
176 904
928 13
654 344
359 498
515 329
917 554
974 877
793 756
574 30
26 935
579 81
254 121
672 892
621 33
473 350
578 532
473 708
311 561
865 218
771 484
86 182
151 168
61 469
561 148
135 505
359 894
509 919
693 106
540 10
971 376
548 830
206 633
498 449
778 159
713 90
709 106
910 944
857 804
752 932
107 264
876 922
866 481
186 863
557 369
210 19
670 16
247 737
231 875
709 423
270 425
679 111
330 255
757 180
979 797
543 100
40 882
711 947
532 646
270 760
548 731
860 232
199 964
74 248
129 136
827 465
666 555
166 728
890 610
575 697
995 624
135 811
972 982
176 856
230 108
474 143
277 805
86 478
771 364
310 888
936 695
620 770
925 384
593 81
799 52
859 618
752 608
697 916
458 858
258 216
520 187
701 73
581 612
235 665
379 308
72 247
401 999
129 16
368 488
166 191
557 461
777 855
292 680
410 190
712 530
130 136
197 86
948 690
858 67
959 583
873 116
693 781
198 317
895 976
582 993
146 401
679 57
661 542
593 899
923 62
817 589
870 283
760 445
399 475
432 440
967 770
604 728
389 750
368 971
585 787
277 954
635 527
708 686
640 81
732 130
381 108
620 452
827 971
368 495
76 924
960 830
595 138
813 191
121 220
1000 740
857 29
986 78
749 546
660 899
128 276
183 924
665 504
206 622
113 420
754 429
686 422
980 266
140 420
984 770
913 108
822 38
588 157
398 980
435 339
647 73
467 631
778 136
246 351
858 378
287 420
931 87
573 218
71 856
798 401
238 973
702 918
677 672
544 488
879 887
483 860
530 1
212 819
543 281
708 697
488 443
926 738
769 129
381 400
330 863
574 58
940 609
305 236
664 303
908 25
235 725
939 440
345 652
267 355
640 419
458 558
38 503
612 365
367 978
759 300
355 954
204 845
854 448
378 505
850 360
729 970
473 741
988 849
944 2
42 48
297 200
384 770
284 21
927 411
490 315
126 80
99 407
898 760
41 646
478 280
815 785
578 807
565 309
146 783
683 181
99 821
703 411
389 116
615 229
486 918
341 326
439 666
515 100
590 552
112 876
918 916
171 938
151 368
427 350
121 351
357 70
892 138
712 480
415 720
788 384
576 816
96 638
703 162
135 721
7 796
310 606
967 674
454 440
678 868
723 17
556 430
973 600
319 805
280 849
199 29
851 791
177 511
824 782
435 460
40 935
992 452
974 964
966 775
444 890
245 429
392 303
581 323
769 759
662 603
438 401
114 430
196 503
668 483
137 953
89 49
340 9
72 674
584 214
272 755
194 698
771 731
25 989
500 633
528 996
671 461
302 252
343 811
197 679
556 207
718 845
862 598
95 59
757 292
352 416
44 209
252 311
393 18
339 503
623 641
752 482
60 935
291 750
659 270
36 445
990 587
544 670
357 412
320 166
545 496
177 190
175 415
819 814
287 177
949 863
418 109
312 472
494 373
671 851
667 456
973 850
852 655
890 582
312 795
432 460
531 946
432 456
400 165
291 3
19 134
186 352
335 174
686 46
560 29
559 191
465 276
988 13
529 120
620 900
452 601
694 968
34 601
509 67
364 381
241 813
994 814
900 737
594 756
869 981
372 698
709 804
708 828
233 724
125 990
254 233
590 542
55 951
169 217
118 102
122 190
155 100
319 994
805 849
31 355
694 161
180 688
145 657
899 686
476 568
795 352
559 215
890 250
379 850
208 605
676 401
74 562
676 853
591 456
388 995
116 1000
465 269
317 740
410 390
212 81
547 219
658 791
415 171
860 511
592 645
974 190
963 100
167 289
393 471
52 263
660 393
976 519
776 2
844 496
437 17
520 390
665 616
481 843
388 769
244 270
10 649
827 11
517 669
285 348
431 216
141 792
823 273
402 536
679 390
991 591
335 14
940 24
961 165
63 278
56 840
528 469
585 625
215 449
659 247
326 17
182 266
400 583
240 978
972 483
847 721
920 713
652 852
282 155
579 643
211 358
946 130
983 988
86 204
568 187
91 614
862 216
39 716
222 849
137 447
357 758
563 618
592 492
667 18
825 599
769 789
132 809
518 616
316 816
590 617
160 690
905 649
329 784
141 631
936 349
184 983
413 217
539 232
667 479
853 707
709 387
892 165
621 289
289 600
803 281
969 46
492 394
847 540
593 189
846 153
477 351
41 835
838 504
742 936
926 451
467 162
187 495
593 29
309 113
58 390
277 429
218 36
649 602
402 23
119 350
528 293
530 569
513 346
966 540
291 650
325 253
992 946
807 510
612 944
131 808
578 150
979 172
559 999
598 646
730 551
909 233
638 569
401 287
74 361
771 261
865 610
899 303
630 761
332 404
124 537
986 711
634 161
816 4
233 323
748 217
141 5
252 323
986 738
628 903
512 720
313 884
218 629
632 737
392 411
174 951
249 760
729 316
810 374
253 582
865 55
54 962
677 256
24 860
940 999
426 166
427 828
402 77
144 707
704 114
435 608
677 815
932 643
992 510
521 888
131 785
899 165
946 333
942 178
196 134
915 592
689 422
848 631
336 956
98 695
959 315
687 477
357 986
753 957
197 161
492 764
608 189
883 446
757 755
125 678
8 440
245 122
942 336
36 651
672 308
122 503
321 622
31 46
531 657
841 918
289 433
798 870
386 679
544 516
64 617
673 299
620 169
676 800
272 81
958 139
203 849
994 918
796 290
958 195
852 716
686 377
799 784
319 783
150 475
548 823
551 80
829 434
644 3
499 39
940 795
402 787
667 418
96 860
905 38
944 690
562 193
827 107
467 200
233 333
129 851
32 415
381 264
509 819
899 512
679 571
757 764
451 445
759 599
229 781
465 354
499 113
972 679
250 740
841 324
291 871
291 442
403 702
311 767
776 782
83 594
562 406
615 649
104 471
177 263
715 169
533 162
682 889
368 92
307 109
996 25
137 657
513 397
878 719
582 561
564 16
89 470
306 884
184 9
918 227
489 750
735 175
769 990
239 169
507 358
697 633
986 767
715 407
753 728
755 12
591 71
39 266
372 143
500 964
357 642
466 180
635 251
819 584
507 471
967 174
660 460
788 761
181 576
593 42
497 157
59 626
964 951
618 50
85 510
818 271
204 446
677 751
785 374
235 187
933 672
346 970
182 11
665 483
278 416
941 897
709 900
452 580
701 433
514 223
769 77
823 822
975 655
565 980
295 249
481 978
578 416
615 997
339 342
141 41
161 288
715 396
328 666
969 65
169 288
759 549
150 695
890 820
621 776
69 263
309 739
94 963
494 602
44 365
6 406
544 478
509 123
530 225
640 545
381 49
883 179
918 77
484 202
705 77
832 627
924 828
997 338
618 76
335 964
566 850
894 268
660 870
926 868
184 897
95 835
354 814
635 643
689 868
282 274
125 370
568 306
950 868
497 747
579 799
925 204
447 717
709 250
704 247
175 690
14 78
777 87
648 637
473 232
809 217
892 622
153 746
818 716
526 286
700 740
343 598
855 501
491 662
574 860
846 993
604 683
152 834
528 398
838 849
524 183
966 901
413 573
517 745
865 67
727 572
757 469
346 392
942 851
55 760
590 534
701 389
841 34
219 970
718 879
457 977
517 826
150 833
660 704
464 653
393 391
565 878
513 280
752 496
608 597
457 111
594 600
736 859
819 162
285 215
694 333
89 628
932 24
56 129
346 539
644 95
345 573
77 202
277 333
540 24
904 569
64 310
501 180
944 728
735 722
712 460
379 495
769 539
401 947
292 510
331 864
831 891
651 449
500 937
961 681
391 202
14 100
451 784
159 62
712 610
163 59
897 308
735 353
432 119
792 30
494 433
757 335
575 903
500 984
886 352
417 881
435 891
680 510
789 196
421 122
800 775
631 506
777 274
733 498
7 982
545 911
72 78
491 490
842 606
399 88
129 153
256 783
5 652
689 449
391 178
163 155
657 280
491 974
682 666
111 36
222 249
206 776
55 580
196 988
678 616
786 185
749 835
238 409
439 360
42 293
167 498
868 333
615 158
925 215
691 716
138 756
105 693
531 119
291 762
878 290
953 22
341 473
832 123
152 808
913 100
638 387
747 447
996 97
380 828
551 583
418 65
301 430
593 611
398 317
337 543
653 786
563 874
530 599
161 340
591 937
308 602
293 383
789 602
362 545
994 9
206 350
101 396
465 235
457 608
712 767
909 955
489 816
346 715
330 756
341 935
630 998
316 935
254 406
652 342
61 910
23 351
375 324
892 338
413 719
713 596
581 487
328 524
292 69
111 259
289 503
578 779
661 420
885 1000
729 494
693 37
417 764
623 595
100 695
112 472
807 680
259 539
441 860
371 373
715 768
464 331
67 339
677 428
485 144
74 822
50 687
458 114
520 201
287 532
558 58
372 73
369 756
82 360
671 308
230 38
37 190
115 348
195 101
502 977
356 996
421 943
450 692
847 783
493 754
50 833
260 344
902 155
357 890
815 654
819 885
436 76
391 983
485 926
289 885
658 973
329 891
419 406
132 274
331 853
363 22
693 95
568 365
659 227
383 84
457 869
455 790
757 839
326 273
740 619
689 751
8 153
726 680
393 347
468 761
488 526
25 205
270 51
421 728
421 787
316 482
709 784
727 896
599 506
895 515
808 944
571 636
168 185
520 814
473 371
425 558
444 843
217 746
160 686
853 461
252 351
201 764
56 531
465 823
209 506
445 505
564 719
528 472
659 650
712 495
72 804
676 765
623 283
150 650
699 820
488 430
151 924
498 984
979 442
104 938
565 566
188 180
418 899
737 764
771 925
926 735
345 948
212 269
375 420
32 123
325 554
71 874
533 310
312 166
293 76
973 143
149 130
479 655
8 244
869 462
959 539
601 164
379 555
927 738
131 391
702 468
74 928
368 824
131 142
774 270
499 968
318 720
815 525
942 127
485 582
326 305
126 553
713 803
218 700
10 170
558 922
912 173
228 227
82 786
520 305
840 336
839 855
731 886
401 178
457 429
294 498
277 410
920 626
618 678
912 706
837 984
867 748
859 176
934 119
294 652
247 786
582 14
68 93
472 947
896 224
735 348
917 800
113 903
791 843
88 558
795 601
154 316
95 833
710 281
283 849
507 139
309 523
20 722
222 199
115 395
151 914
574 655
709 735
393 334
34 498
327 45
731 786
922 936
26 229
798 464
319 601
980 16
144 595
298 946
145 174
409 584
723 267
632 946
64 463
850 91
301 494
965 588
144 580
857 518
144 994
507 582
326 510
550 739
592 598
517 303
823 338
665 993
613 288
173 617
902 806
28 729
31 607
319 428
516 545
896 150
272 434
309 463
475 308
520 343
557 929
744 288
252 121
652 38
402 260
379 263
894 17
105 237
933 868
18 745
917 454
497 685
5 290
592 549
172 968
998 580
673 280
217 721
820 236
364 506
534 433
258 11
574 200
703 602
795 336
84 348
174 143
468 582
711 81
70 300
455 200
112 498
421 990
863 453
283 430
819 711
470 657
414 226
203 637
306 29
295 165
906 705
28 45
818 1000
156 711
866 348
752 108
636 519
245 481
746 138
211 740
488 831
530 250
16 449
470 36
418 621
795 177
221 685
712 54
752 261
924 770
850 574
246 607
28 696
982 195
710 68
86 441
949 975
806 840
54 237
774 241
42 923
115 954
312 236
208 898
154 265
264 948
176 347
647 117
893 34
624 570
343 666
884 690
398 35
681 24
369 334
149 376
802 659
499 392
40 233
144 696
910 446
297 755
417 397
750 185
768 15
346 643
457 73
457 924
702 854
591 604
183 892
973 871
246 551
834 236
998 45
11 53
245 657
259 824
949 18
678 624
20 717
131 793
152 871
847 362
68 526
694 133
640 306
718 993
55 768
77 189
973 840
704 228
7 267
634 365
88 201
818 340
657 580
965 3
380 549
326 963
731 826
533 975
308 537
957 185
298 845
861 12
458 784
946 538
194 471
74 295
450 845
218 100
866 3
794 268
5 1000
427 813
946 450
156 466
70 651
893 285
89 543
36 613
56 230
533 348
204 947
124 438
426 495
28 782
971 399
966 460
930 805
94 952
934 229
113 495
385 322
644 505
741 964
153 624
300 782
653 835
842 449
825 263
147 312
402 80
630 905
222 842
848 935
845 290
372 581
484 31
854 138
896 887
696 9
146 77
755 911
845 2
345 823
325 986
757 283
443 952
61 361
7 327
245 567
799 880
128 859
337 968
88 964
859 171
306 669
770 390
907 649
218 900
803 811
513 669
528 549
298 86
850 555
83 715
598 675
567 976
144 394
371 503
610 373
117 488
392 916
527 724
357 399
470 299
247 477
771 836
593 815
285 582
686 177
544 352
330 225
278 276
306 248
731 754
552 224
218 796
717 955
774 867
204 850
660 396
23 608
302 782
447 340
703 997
512 707
789 611
436 397
97 786
992 411
841 595
59 820
819 787
483 512
63 467
907 553
915 192
565 488
416 12
364 722
509 876
493 423
39 426
777 626
208 878
414 193
517 485
990 373
671 362
547 261
909 918
380 562
895 806
98 318
474 116
57 452
366 190
611 288
149 993
832 685
264 746
283 205
798 107
710 249
549 762
677 437
54 637
71 433
641 502
165 828
242 75
588 259
888 116
942 555
528 368
88 978
470 918
381 628
643 65
368 701
383 911
846 45
612 400
98 183
682 839
479 342
45 370
436 795
854 445
196 856
730 432
107 370
302 271
654 377
368 268
313 838
258 400
331 874
94 539
212 629
13 15
803 148
842 370
934 315
645 411
889 261
976 134
89 844
632 343
249 287
63 596
793 478
48 243
513 495
47 336
518 845
52 336
72 249
400 422
861 892
20 889
94 256
557 410
979 804
247 503
545 772
677 678
124 98
254 415
659 478
878 821
435 53
560 237
992 819
779 646
748 350
671 892
547 418
413 199
176 867
111 611
662 81
111 469
901 690
813 411
815 708
827 97
912 969
837 21
359 394
676 472
566 619
432 453
398 9
312 277
717 981
96 119
120 569
853 743
262 903
198 543
840 705
254 311
326 224
473 684
475 237
881 430
222 476
684 287
831 600
252 541
464 532
265 50
628 41
378 397
160 840
886 857
731 387
749 544
792 226
57 176
563 305
132 294
315 888
667 325
907 604
712 618
693 392
873 649
414 171
236 447
190 538
789 933
899 358
371 631
403 571
36 680
314 290
997 860
873 583
341 558
838 420
749 834
71 271
167 934
675 461
922 835
465 447
545 370
357 308
301 26
785 185
641 348
108 314
328 113
367 879
37 501
405 654
85 410
286 928
855 138
548 293
915 538
848 116
513 856
789 744
236 334
84 840
965 758
175 627
198 239
571 643
809 26
984 281
611 130
293 391
276 746
224 257
209 430
637 116
413 543
801 750
452 622
90 233
146 116
808 649
329 253
712 281
609 116
701 568
298 794
596 165
64 126
462 745
11 601
105 300
731 96
677 425
163 185
862 416
662 333
318 535
945 308
191 625
965 622
285 161
529 760
647 309
252 609
660 915
5 51
771 240
274 968
352 611
131 849
361 120
282 146
372 400
725 46
1000 430
190 885
920 302
676 467
917 311
730 382
369 193
979 537
998 792
175 178
964 664
913 410
514 504
507 642
272 781
38 624
149 595
725 922
815 343
943 756
287 91
894 66
753 481
291 830
454 286
609 466
943 452
296 307
403 761
207 968
940 926
832 575
990 68
706 943
95 607
485 925
570 495
628 823
312 8
439 31
325 150
245 348
249 230
447 463
529 831
904 877
273 138
715 449
97 810
246 862
427 588
455 678
544 215
673 863
726 707
712 750
253 210
702 905
850 721
837 909
994 711
907 666
194 278
470 878
271 612
499 389
661 786
278 596
899 49
467 892
357 229
359 826
146 368
640 897
287 782
731 499
59 99
574 875
676 581
423 510
995 969
372 41
361 236
736 514
834 936
345 931
363 588
730 836
257 546
737 53
221 220
163 16
651 936
872 214
60 55
654 728
269 955
470 339
509 652
844 100
535 416
847 775
556 560
426 631
742 433
173 287
563 939
682 356
451 216
553 891
988 17
735 210
714 698
846 932
759 854
26 598
81 286
117 165
468 554
508 705
437 134
699 223
862 889
715 237
791 248
815 977
356 359
543 541
872 906
311 26
52 483
839 193
1 46
274 46
455 775
352 743
908 998
979 322
780 947
42 49
654 675
895 254
855 489
798 498
660 654
790 821
114 247
294 900
702 1
8 728
536 603
544 431
191 73
834 220
291 804
155 195
144 448
520 989
188 270
98 866
100 53
195 878
65 9
146 896
854 404
681 366
845 333
665 543
681 283
608 596
814 409
742 138
466 68
926 477
160 556
676 410
627 387
179 601
842 315
291 51
421 353
39 220
683 143
145 94
372 230
335 495
409 988
579 645
156 5
907 928
220 772
235 75
14 773
858 776
693 288
934 450
24 250
795 429
85 479
639 226
659 877
107 600
715 722
979 565
681 171
331 717
714 148
493 514
796 561
283 59
35 650
210 338
846 266
995 876
866 717
198 791
814 526
933 518
281 696
89 182
989 177
257 248
262 633
684 14
886 909
371 829
778 71
64 750
765 512
89 39
254 177
715 897
293 602
882 860
630 989
424 348
575 259
282 626
357 765
356 587
312 769
68 650
785 136
571 980
328 898
163 662
529 664
847 510
654 952
946 775
825 962
674 333
468 425
108 43
368 184
296 165
573 773
479 522
654 880
504 968
564 281
86 696
910 261
346 840
560 663
822 236
932 612
312 922
521 599
352 49
615 645
264 93
563 717
929 234
40 317
198 817
125 783
173 36
753 644
735 161
973 33
368 584
650 4
905 276
45 761
908 263
5 91
486 287
215 311
309 835
694 843
384 720
846 463
940 555
423 849
209 333
798 338
447 384
329 204
364 751
255 477
185 881
508 2
705 685
965 299
301 383
782 101
363 744
894 177
566 999
608 191
125 905
612 448
922 787
239 487
676 488
356 490
736 504
983 16
131 422
27 183
933 433
493 815
439 934
850 51
886 499
725 355
870 25
891 433
23 59
509 420
758 937
723 357
149 174
499 831
660 356
163 595
414 348
657 253
877 783
110 333
184 4
535 756
240 566
324 876
809 218
227 1000
855 350
670 825
547 273
126 952
743 223
399 763
509 274
548 772
520 333
404 323
118 367
649 690
176 290
160 935
222 275
237 764
388 863
807 384
673 255
945 626
585 845
417 707
198 263
923 782
528 19
74 202
517 821
386 661
773 775
124 69
297 553
812 819
339 687
639 909
126 741
857 293
950 636
20 527
437 786
278 286
500 410
357 389
912 452
508 957
142 900
571 729
402 734
516 539
497 770
353 200
579 787
502 573
691 749
230 219
814 838
453 456
879 113
369 787
8 738
464 553
693 976
854 250
729 390
386 192
550 227
326 788
332 425
610 936
479 148
794 880
245 935
690 43
57 536
240 307
342 116
292 209
443 190
292 787
455 833
41 66
131 820
652 944
284 584
102 707
103 211
641 787
307 844
52 582
23 659
879 9
844 93
132 532
277 18
383 350
325 847
512 597
72 567
487 705
492 941
254 617
111 821
59 275
974 237
137 560
246 498
48 85
8 783
44 250
858 586
251 296
479 929
749 564
697 3
399 400
54 384
124 750
630 675
903 116
509 541
371 572
926 974
67 448
789 738
159 496
894 936
328 820
72 401
736 854
593 918
99 390
851 13
317 782
501 81
284 12
488 613
877 576
586 226
396 885
364 866
399 182
661 634
44 685
939 831
282 214
981 610
212 734
965 819
638 875
44 653
91 625
862 453
918 796
336 696
961 65
7 994
374 62
66 871
831 828
638 33
905 25
141 717
623 130
291 288
282 804
111 350
296 988
831 442
542 811
120 334
912 410
508 538
483 58
923 788
623 686
603 589
221 541
795 512
35 519
500 940
118 535
283 974
213 411
582 683
714 720
841 40
436 382
914 829
402 186
901 358
318 874
996 217
691 318
409 916
763 101
543 276
579 156
732 601
895 191
401 559
628 538
509 442
95 669
318 194
832 111
729 38
216 602
196 91
634 592
782 407
111 936
992 426
795 616
405 748
192 904
82 939
321 225
192 58
549 964
894 370
455 433
310 269
252 923
644 549
591 862
98 62
638 605
942 269
625 503
565 708
548 89
436 155
45 947
702 543
495 880
204 903
98 401
117 115
317 454
209 581
466 333
244 974
512 570
549 38
644 78
920 115
940 613
668 610
633 448
659 12
798 272
583 625
72 955
198 346
733 442
399 495
398 669
665 367
575 871
695 17
752 952
450 587
325 221
57 365
989 524
661 991
543 999
940 419
423 426
61 163
10 951
992 978
614 811
177 113
103 642
786 746
10 159
450 18
914 790
70 301
368 998
26 882
615 717
979 836
945 116
382 722
876 255
145 281
458 730
38 411
303 984
313 616
153 822
578 164
119 722
121 234
301 865
529 360
196 73
841 225
949 64
879 921
54 59
809 565
249 75
593 609
426 434
300 850
172 543
671 184
927 503
674 738
859 904
72 454
992 226
332 776
889 927
647 526
673 219
818 985
229 555
529 394
359 443
313 935
897 849
476 776
347 688
204 338
919 53
280 845
872 999
999 875
502 385
857 195
965 354
931 46
219 669
853 474
595 984
662 714
169 526
595 358
540 445
392 662
617 136
995 397
907 764
693 616
176 434
470 859
163 777
682 763
468 923
966 828
278 348
28 100
154 294
615 936
447 55
604 101
875 522
80 968
940 194
899 343
421 332
820 104
903 696
645 348
337 927
872 233
265 976
693 863
285 962
930 108
363 527
346 720
282 53
110 596
388 290
998 1000
729 831
895 516
532 849
733 276
588 569
282 451
438 544
757 158
515 681
662 53
618 1
106 663
697 58
378 525
748 480
252 633
914 148
309 376
124 741
39 494
369 947
151 223
265 437
31 613
766 343
208 171
731 262
513 719
457 702
573 856
812 573
742 698
726 31
375 423
69 323
470 739
236 308
52 165
807 303
809 148
294 454
920 945
758 81
389 941
653 27
931 800
268 562
107 33
401 953
950 285
111 868
296 315
294 794
423 360
64 508
118 675
175 109
147 339
86 628
971 447
809 552
864 717
766 289
920 847
667 461
117 318
10 984
636 33
535 78
285 504
311 27
591 392
198 524
514 133
951 525
22 929
457 876
132 605
278 217
982 938
814 133
708 613
34 510
605 394
584 51
239 892
420 58
41 336
86 82
114 851
613 21
209 384
230 719
546 984
147 713
438 305
417 788
423 159
553 717
538 53
990 367
404 534
846 933
661 345
833 538
886 268
98 879
865 745
657 724
857 71
711 100
228 53
126 145
710 370
741 440
403 448
867 625
651 396
355 366
911 407
853 558
379 855
360 867
930 6
862 597
971 261
789 636
613 523
388 59
864 370
941 849
653 956
818 358
575 394
70 589
342 806
489 786
900 25
865 651
754 683
421 189
846 829
774 46
931 162
389 927
122 148
251 376
363 799
272 104
736 461
736 59
368 631
820 830
114 71
98 141
292 188
962 947
873 447
653 158
620 266
714 770
535 804
592 108
221 188
301 479
204 993
5 720
706 178
92 481
447 558
125 307
56 393
807 347
235 957
839 516
71 339
438 626
682 187
259 646
974 462
192 104
317 762
356 510
858 303
876 66
658 781
953 542
883 742
165 875
973 46
718 184
153 422
642 445
523 370
25 745
832 265
533 15
694 840
346 433
970 922
218 935
476 666
932 127
204 905
958 664
23 697
218 422
730 449
271 336
457 528
489 944
995 24
238 925
341 619
838 347
342 193
369 463
467 848
274 33
989 77
991 188
59 55
940 161
852 534
962 489
630 84
763 504
715 196
748 935
713 214
151 830
246 918
535 462
107 24
167 447
758 614
317 14
392 358
708 351
873 851
638 685
974 539
236 687
112 810
757 512
3 685
96 176
886 172
281 275
962 139
307 642
46 525
72 39
982 371
176 425
567 974
398 431
896 101
404 463
704 232
141 580
778 834
925 422
668 981
146 463
610 616
75 770
199 369
460 760
743 772
566 289
925 898
486 888
567 545
235 56
701 134
951 77
844 598
165 880
211 797
512 761
932 224
736 941
588 902
623 970
114 573
975 189
79 104
977 761
997 785
292 420
238 175
876 81
992 879
198 408
520 877
493 12
186 980
682 47
886 214
51 4
346 675
418 898
86 101
804 816
969 650
107 887
364 196
402 659
293 309
991 162
664 598
920 545
413 50
261 348
544 936
102 101
301 587
839 494
731 737
832 993
805 229
54 269
881 698
591 606
886 783
801 897
578 726
590 325
34 140
89 532
594 307
643 400
453 929
40 891
95 159
481 852
187 11
319 129
798 346
650 993
568 433
476 937
718 600
55 770
556 152
422 3
80 182
423 287
521 280
991 249
814 14
581 763
784 78
931 945
832 998
401 260
458 511
166 4
424 675
362 247
812 526
135 225
84 405
311 344
946 165
568 90
345 492
473 295
23 924
965 517
920 301
615 784
771 796
906 157
525 885
251 982
969 602
473 779
270 537
802 383
863 600
28 195
57 797
943 719
425 178
953 276
129 359
240 558
422 625
979 135
27 576
747 177
749 205
825 261
203 610
169 783
593 158
403 347
67 763
462 12
319 397
637 642
28 787
568 97
659 471
736 963
547 293
897 350
312 234
55 626
296 356
473 925
829 241
940 975
382 514
652 705
321 983
429 334
124 800
659 358
660 446
56 239
962 84
783 43
371 963
388 291
7 177
634 967
321 285
86 31
621 181
270 214
381 166
238 842
953 423
242 876
991 914
98 18
371 880
364 58
392 555
462 786
676 279
969 874
514 77
269 935
836 663
95 51
574 947
742 495
174 541
