988 2466
840 355
978 744
489 686
885 477
708 887
290 15
750 287
450 946
289 973
752 163
753 299
146 411
428 272
529 429
452 628
606 173
951 57
594 790
943 859
245 662
467 538
104 483
632 442
350 592
500 143
218 238
933 234
19 861
28 623
83 14
321 239
66 919
529 856
572 595
697 559
437 198
247 22
338 503
455 973
4 302
14 286
237 484
955 51
41 220
178 914
574 763
144 98
44 459
888 236
155 712
12 41
969 711
948 813
328 803
502 570
707 682
263 327
228 269
929 850
35 927
345 416
490 142
418 867
420 579
403 192
757 785
578 59
444 134
262 901
156 69
794 63
69 676
382 846
510 745
216 508
498 666
62 363
255 847
875 500
985 737
492 503
645 739
947 455
420 763
403 271
315 113
84 690
507 284
696 511
185 605
295 111
596 152
697 352
310 39
105 103
147 277
590 549
572 701
133 434
960 210
800 785
395 161
582 236
274 862
497 401
760 383
460 680
304 592
764 433
851 614
195 255
307 359
240 770
367 330
738 586
540 271
248 438
291 910
690 297
926 158
696 192
716 809
350 129
354 531
760 530
284 925
783 64
324 603
704 612
689 496
29 186
30 653
507 224
753 787
517 133
293 176
243 359
209 75
174 326
676 503
89 878
260 493
348 508
488 429
184 283
793 678
370 484
747 232
506 253
824 165
753 193
239 444
57 749
96 855
335 644
339 983
309 686
533 441
169 372
667 600
835 971
305 319
398 289
52 658
722 405
373 818
390 112
121 252
643 470
395 693
285 787
961 530
765 642
589 766
147 266
19 577
301 162
214 653
738 896
26 549
504 727
463 409
952 893
340 943
164 619
888 754
194 213
193 886
286 40
35 213
495 967
388 600
212 561
283 515
162 775
345 541
181 890
893 945
686 568
707 875
16 789
628 549
900 565
618 894
91 942
435 922
774 800
940 901
394 97
358 310
536 692
79 13
887 874
943 948
505 664
470 847
556 68
100 472
890 112
163 514
371 646
757 315
557 430
196 688
892 654
215 878
476 667
939 569
512 667
444 104
961 741
144 884
220 76
205 736
815 397
490 714
629 583
2 225
613 15
851 323
281 724
681 461
122 605
840 63
913 159
342 531
200 222
183 533
96 423
463 773
709 392
50 823
767 331
38 573
222 355
867 289
189 362
411 976
72 359
187 316
333 320
172 117
489 15
361 575
954 764
44 933
599 218
108 599
219 35
314 792
402 57
144 311
772 986
517 212
893 361
961 829
946 542
896 417
710 198
944 413
110 568
978 798
890 761
876 334
767 365
259 823
658 223
521 26
425 832
961 451
192 117
874 932
654 339
5 402
949 247
491 534
202 87
884 476
264 20
403 124
42 452
426 39
738 987
156 348
86 5
566 275
89 909
737 889
906 931
389 669
49 580
656 710
659 617
843 779
657 254
45 91
982 541
367 400
561 5
292 603
779 776
614 505
814 15
157 792
486 571
158 36
692 687
506 576
89 918
809 58
63 633
939 683
545 45
643 744
242 563
646 920
970 161
889 808
549 9
858 584
983 430
288 709
328 636
33 319
431 813
732 464
437 866
833 783
725 777
979 633
748 48
777 960
445 562
763 405
817 906
766 596
606 488
810 558
565 333
272 177
736 59
592 687
960 852
596 98
67 628
871 935
860 566
737 617
493 563
96 457
890 396
840 846
622 63
879 610
718 292
39 230
957 896
708 684
31 952
453 520
361 789
607 704
314 748
886 468
63 125
923 478
626 526
187 455
865 349
618 631
881 495
705 204
265 488
781 92
841 983
253 374
4 899
544 963
282 946
536 987
949 537
630 460
813 804
189 10
610 253
943 481
621 881
628 658
529 262
759 618
841 642
751 830
440 357
213 427
641 288
98 314
458 258
646 900
460 769
559 578
381 273
546 40
949 221
403 57
655 10
338 703
263 605
713 359
839 916
543 570
287 86
40 220
663 283
586 772
414 757
292 498
132 932
847 352
243 270
947 310
236 343
427 308
738 570
723 338
800 698
394 391
583 507
988 950
883 152
973 700
687 605
82 329
340 866
984 107
361 307
468 497
638 251
899 952
459 68
833 748
212 65
233 860
841 439
611 432
734 753
21 651
498 386
551 815
433 754
672 849
515 524
92 670
943 867
220 432
891 149
371 635
136 980
599 756
432 725
194 570
793 854
583 6
885 248
182 314
797 791
726 700
268 490
437 83
673 626
317 488
66 383
943 835
398 716
173 446
573 194
442 324
371 470
187 565
833 845
278 913
173 197
375 9
87 78
117 626
23 967
136 175
182 635
381 777
721 500
101 889
118 777
53 551
573 646
423 757
864 752
912 606
795 869
252 905
769 17
407 65
662 151
234 60
876 840
38 521
510 602
607 968
576 463
867 704
107 128
931 127
59 607
816 301
504 148
716 460
555 712
640 841
812 851
562 570
784 512
255 916
81 527
320 950
464 880
653 802
123 110
507 344
197 948
77 102
612 58
590 811
810 5
481 665
742 422
751 748
980 840
491 288
898 278
735 664
4 227
171 885
8 230
964 925
763 39
167 780
150 241
834 523
157 683
876 958
18 137
183 652
554 800
78 264
83 264
84 55
323 163
714 529
142 779
666 265
87 951
727 928
545 873
848 785
382 14
734 502
670 99
223 749
190 580
46 457
381 369
591 793
445 223
238 85
828 807
334 119
744 783
284 242
144 10
145 853
313 678
443 6
638 912
731 453
533 12
518 421
58 428
173 34
153 724
394 551
948 66
950 825
629 169
187 138
429 691
514 17
711 783
1 194
440 403
650 753
908 679
121 934
747 483
639 154
414 907
99 263
924 812
47 90
765 155
658 77
845 664
384 20
350 916
317 224
452 537
148 882
126 451
880 286
271 926
530 642
955 134
421 659
871 415
526 270
840 198
321 425
183 356
207 55
802 725
450 619
822 528
754 934
757 453
776 732
454 583
306 960
215 845
536 850
149 987
459 584
313 149
900 703
722 459
802 467
860 16
932 882
679 454
10 149
892 539
141 809
823 781
439 89
258 967
12 828
960 573
2 298
785 54
824 415
100 10
758 301
173 356
247 509
984 900
714 911
834 271
402 924
495 68
868 436
641 22
78 199
235 910
401 189
590 745
609 523
921 982
495 282
868 768
319 445
727 385
531 212
332 911
498 761
669 257
890 215
366 271
42 756
259 6
393 313
674 922
364 852
759 238
347 686
924 617
553 507
146 178
863 628
102 905
361 718
430 273
648 970
760 953
128 976
357 922
121 641
941 773
257 383
974 811
745 899
267 511
547 842
416 472
808 671
906 666
709 668
308 205
880 198
133 555
126 700
236 36
628 806
590 917
425 312
111 945
389 157
180 564
203 680
737 464
230 950
540 726
389 339
335 683
601 800
964 575
793 471
417 781
694 913
787 305
93 873
70 208
367 984
117 155
359 242
987 525
93 921
628 198
95 930
60 128
902 123
503 153
489 827
514 587
688 130
270 815
564 855
567 92
538 988
722 231
98 640
635 714
644 960
493 534
344 690
594 409
192 15
374 315
215 424
434 529
367 495
492 133
511 246
629 319
919 384
655 58
117 75
637 335
177 900
142 694
860 964
792 604
889 19
871 423
659 706
38 854
557 159
62 493
355 357
375 964
701 725
490 224
130 923
663 665
561 902
780 270
563 934
674 552
911 821
751 127
382 317
817 621
966 496
845 705
57 208
510 922
701 178
245 246
214 784
177 724
966 190
142 987
623 294
791 929
653 11
101 157
158 827
88 222
217 592
97 347
209 671
247 867
212 199
589 744
698 368
863 21
24 490
188 741
890 728
356 156
431 674
649 880
389 303
899 549
348 402
4 284
899 239
340 577
587 803
295 671
558 782
562 936
726 490
322 337
622 860
550 658
552 845
511 807
250 342
975 163
267 247
309 336
41 120
798 140
809 323
308 986
711 287
793 268
107 719
877 404
311 679
910 368
684 162
617 654
841 291
623 95
955 234
976 424
710 79
929 609
364 66
442 193
423 481
745 552
103 178
182 755
881 611
291 862
901 65
817 431
692 951
363 881
379 878
455 492
184 646
153 428
282 31
714 647
491 879
556 278
745 278
253 468
702 220
830 810
11 280
380 985
897 223
347 128
222 203
704 282
314 296
874 525
391 717
363 445
232 946
274 627
442 42
449 321
492 417
722 37
616 330
357 627
216 483
128 575
902 432
579 325
10 575
913 476
473 984
789 311
93 970
3 510
520 724
302 595
638 883
72 518
843 307
205 353
60 316
872 546
800 494
359 646
660 427
538 350
940 542
725 710
895 929
713 890
255 907
170 39
616 11
364 318
793 578
440 112
647 584
192 642
657 968
529 915
700 407
477 703
701 629
121 635
840 199
454 716
347 162
518 5
937 499
470 789
464 758
750 569
76 979
883 88
659 948
329 218
368 934
24 178
334 613
939 709
939 117
415 977
90 191
626 861
753 520
22 134
467 510
865 217
486 260
841 192
197 959
54 397
298 83
393 746
673 101
395 762
533 38
79 698
257 873
618 939
590 341
913 455
842 774
581 856
504 855
529 909
15 910
751 762
239 689
152 168
868 294
102 924
287 826
733 790
932 890
298 513
445 452
430 726
658 512
776 715
500 542
302 749
33 453
252 801
6 854
334 631
443 259
229 201
377 208
667 528
925 674
727 43
608 8
473 726
665 376
934 581
151 755
888 232
796 638
305 61
310 883
59 10
596 873
390 813
555 495
887 812
728 150
68 801
72 292
815 28
51 165
752 502
825 987
773 283
867 913
634 435
119 263
52 390
378 56
197 938
679 827
918 81
461 101
320 241
335 228
782 410
714 769
859 357
950 491
537 323
422 37
247 607
415 804
128 920
851 140
49 812
585 901
141 223
678 398
827 119
332 559
573 615
486 288
235 854
218 255
292 279
918 925
960 932
850 520
420 179
420 328
379 213
815 10
554 924
818 359
472 696
603 23
566 936
664 54
314 499
650 572
46 188
639 648
340 918
680 491
737 859
735 688
3 606
336 860
812 293
192 875
284 897
128 53
168 686
387 761
479 328
814 48
124 252
786 795
815 937
7 796
981 263
656 77
299 804
382 417
95 615
885 278
530 927
439 859
462 488
809 751
976 29
320 198
565 464
107 341
717 331
298 895
79 219
192 603
965 455
908 846
319 722
370 967
464 26
651 782
928 393
904 333
237 779
683 497
591 536
407 651
484 932
782 455
920 844
480 670
91 477
708 30
911 22
619 191
954 321
187 687
722 366
245 712
159 694
2 280
739 753
915 920
182 940
63 408
636 462
360 284
54 465
20 912
168 334
226 19
31 418
482 562
31 165
60 790
475 295
906 727
335 851
227 890
696 105
786 839
79 350
504 143
608 517
807 764
406 224
961 52
190 898
785 297
267 245
702 296
156 833
838 365
345 610
566 796
348 761
330 92
824 955
896 472
817 774
551 839
805 536
493 838
114 240
646 89
612 140
98 323
407 378
394 470
550 659
735 198
981 663
158 406
221 770
577 640
63 832
118 544
13 566
72 643
696 904
476 880
470 479
111 825
23 40
501 419
708 154
111 197
666 268
702 13
980 108
711 193
767 144
131 341
868 538
283 62
891 974
269 255
678 101
895 103
985 915
732 360
97 646
208 212
911 923
534 472
475 878
564 294
393 458
639 603
31 438
855 357
292 721
833 484
381 899
683 921
334 887
353 564
319 331
177 211
124 753
408 743
382 579
569 511
612 526
560 540
906 462
47 904
882 308
168 100
432 899
877 389
182 142
374 418
209 762
198 798
430 151
273 101
145 808
510 815
104 965
282 869
922 951
270 193
239 41
151 582
464 274
322 144
965 4
91 110
273 135
576 228
247 533
486 184
697 309
403 702
844 462
61 934
230 360
106 487
401 907
36 49
753 513
441 813
206 954
23 704
283 5
411 200
947 42
818 426
703 711
946 645
986 329
696 473
348 1
719 455
370 585
214 284
334 611
118 970
393 364
624 646
384 207
26 534
653 497
399 393
718 564
165 668
132 321
929 880
565 53
186 248
698 93
185 723
216 531
523 90
454 821
185 501
217 387
259 792
828 274
558 127
139 901
266 775
471 265
722 457
530 225
676 128
380 197
73 173
216 688
827 788
94 160
629 828
323 372
705 432
524 972
762 323
636 502
504 47
731 298
956 826
706 794
619 487
503 190
969 878
304 512
240 882
550 211
49 348
148 157
630 676
581 833
328 356
132 649
956 382
82 760
411 332
568 132
568 313
201 331
167 618
576 836
945 433
965 137
713 224
145 297
863 521
791 86
229 790
263 627
68 729
437 268
630 352
372 887
959 149
662 80
704 198
963 878
927 404
675 455
201 825
39 227
848 720
194 671
195 417
512 109
109 166
171 17
228 521
691 372
349 435
502 238
341 233
358 825
70 930
143 530
757 897
19 544
295 157
335 684
11 298
19 109
536 769
81 691
601 846
447 183
582 365
312 138
627 542
665 650
668 36
81 810
52 212
507 940
1 817
971 406
735 433
314 158
832 293
595 771
706 258
289 614
726 833
677 584
326 900
934 711
450 321
106 18
281 114
731 874
166 86
680 492
607 356
504 558
287 194
955 726
595 469
979 114
300 404
543 551
473 893
432 681
399 352
517 339
225 691
67 765
160 35
414 86
868 806
797 510
764 887
926 130
507 973
398 347
843 951
146 157
600 397
427 882
778 982
319 288
517 277
175 972
70 260
494 371
98 670
372 414
858 730
251 711
266 290
700 378
477 107
100 893
374 313
394 740
677 459
33 567
259 318
248 280
619 692
229 240
452 738
201 505
293 520
295 419
157 851
452 206
606 584
402 551
186 555
372 40
62 403
653 255
123 92
335 286
559 800
946 145
195 584
514 896
418 332
848 281
148 592
28 549
443 825
487 527
697 196
35 308
312 731
890 735
191 621
431 872
257 687
901 451
23 851
299 964
690 492
893 723
558 79
906 97
61 498
408 813
984 544
786 148
401 178
682 69
422 882
928 598
873 694
527 95
178 497
785 159
271 619
272 571
107 570
542 423
853 13
907 742
123 253
247 291
461 58
706 353
726 179
457 747
658 252
587 46
842 976
906 863
598 418
965 176
108 269
805 204
478 766
168 596
834 131
249 980
134 396
180 911
314 664
849 296
718 706
926 436
736 780
292 314
644 23
169 689
1 323
701 51
544 333
687 447
230 62
325 207
59 511
393 634
374 692
619 298
196 700
68 649
932 865
592 328
701 789
704 913
343 815
953 840
348 499
435 980
317 423
243 223
758 857
483 3
448 980
841 456
1 657
664 249
726 737
105 678
911 303
646 72
761 146
439 449
26 429
46 93
981 211
875 432
985 733
604 4
716 411
2 466
644 5
516 978
597 488
982 743
527 435
762 564
79 140
192 694
521 791
846 795
811 343
978 38
528 847
142 215
790 244
741 208
754 544
962 159
965 551
748 185
677 696
326 483
576 447
7 669
943 16
909 875
469 409
144 299
381 263
849 618
298 845
93 972
800 972
937 357
665 104
318 582
483 344
581 543
17 636
456 14
633 551
315 839
890 517
179 522
272 685
827 707
313 362
121 287
229 518
178 165
896 692
841 585
456 607
444 557
302 916
50 948
438 55
268 331
316 893
927 556
72 83
164 441
66 776
903 561
722 939
816 82
697 543
257 335
693 312
837 774
302 737
763 849
233 881
930 57
622 611
118 551
219 418
165 930
499 552
965 843
128 813
977 312
600 236
448 873
33 736
366 294
235 179
825 636
537 48
276 76
117 320
190 67
338 715
122 54
769 69
829 148
703 272
102 3
654 289
602 542
36 515
556 348
248 681
686 732
526 625
469 347
456 918
471 758
510 840
903 964
170 789
45 935
449 476
204 559
759 901
337 956
981 822
191 819
177 64
503 765
491 608
793 910
887 44
467 545
400 560
37 677
573 168
903 635
338 718
906 179
300 109
587 385
433 80
458 247
974 143
481 318
315 867
808 357
69 479
985 254
260 227
606 652
967 433
337 949
412 78
251 222
578 624
134 178
690 236
121 420
986 477
324 708
880 663
682 15
958 336
223 535
856 310
547 474
692 164
483 330
169 97
957 691
100 242
373 316
911 393
873 950
841 74
663 692
383 770
224 649
777 613
759 454
227 241
139 742
528 10
397 279
643 150
536 508
380 806
542 637
157 76
32 517
90 548
783 594
806 950
626 264
754 341
884 657
189 603
710 563
483 354
646 163
78 172
153 283
980 275
959 840
15 112
407 640
384 412
701 711
462 197
195 596
605 416
683 654
599 952
948 173
882 204
759 694
706 491
501 285
429 528
413 801
985 629
845 425
258 453
850 513
640 207
656 645
399 692
509 777
644 964
221 202
96 466
869 249
35 455
676 607
441 471
632 371
830 634
389 490
465 425
692 2
520 403
937 389
837 290
732 979
325 3
255 267
97 953
207 889
279 11
923 466
248 240
502 240
285 811
186 912
616 69
101 445
52 396
270 48
605 3
505 953
799 955
638 688
749 40
755 769
3 251
23 313
650 703
101 159
302 496
766 131
628 830
858 880
145 484
936 846
291 623
65 269
258 802
759 748
153 469
397 396
704 897
773 358
922 541
286 924
612 532
85 756
948 789
664 560
295 626
601 921
250 162
38 46
316 836
778 36
9 102
565 279
18 954
421 15
840 956
361 236
73 109
59 206
388 581
49 545
857 263
586 280
979 526
204 170
742 686
28 389
506 462
380 625
270 464
933 843
398 563
94 329
295 941
314 412
137 445
513 778
787 778
882 235
189 966
6 772
61 444
542 431
485 43
251 495
822 561
199 312
492 756
893 135
48 558
327 585
898 119
629 367
495 824
939 286
356 484
565 232
959 580
756 211
115 205
424 145
759 763
282 934
286 140
587 938
469 751
827 440
741 274
9 695
138 399
835 767
748 767
770 111
609 811
664 978
615 963
690 547
518 111
901 755
28 46
515 366
75 77
241 274
44 609
410 512
712 896
863 13
386 643
477 141
888 855
740 728
427 274
655 751
507 32
850 39
915 9
203 382
465 734
840 809
397 828
808 264
55 716
663 155
523 589
139 551
194 477
140 244
90 282
37 332
918 880
832 12
465 504
447 877
194 131
747 582
494 182
79 429
274 569
986 264
512 825
256 401
850 307
633 193
869 822
29 356
583 701
964 577
161 225
53 869
219 87
536 840
518 296
44 704
27 946
138 326
193 430
432 119
603 461
327 894
152 744
511 887
774 443
353 630
542 120
462 294
84 362
729 123
30 880
717 276
901 40
904 857
924 260
621 259
548 433
757 361
577 424
25 923
948 488
546 578
434 907
900 103
95 456
443 366
852 85
618 653
273 85
388 664
172 572
965 446
125 49
861 50
622 885
347 558
210 571
156 200
285 417
286 305
61 100
57 450
213 250
277 18
796 408
262 163
677 880
589 537
663 706
957 139
564 422
619 270
290 14
181 914
933 317
665 490
835 141
927 275
539 196
408 834
577 636
559 708
192 414
503 184
837 637
217 540
307 264
660 154
55 720
745 290
818 465
837 435
460 365
570 139
185 948
314 743
746 244
115 439
17 425
976 61
315 678
763 753
985 846
108 688
326 913
498 503
725 335
746 273
714 877
71 871
383 26
962 473
893 335
839 456
398 182
133 549
832 111
243 797
462 403
465 477
787 399
832 579
279 856
800 183
797 166
897 726
347 565
203 264
494 452
520 619
153 531
83 523
284 597
253 146
986 299
848 722
845 182
966 6
975 736
76 358
244 295
762 235
964 56
103 476
500 640
915 203
130 730
689 340
280 29
545 965
877 304
487 695
809 605
20 103
844 836
60 142
820 123
185 17
957 489
561 471
321 591
967 574
952 162
119 722
695 561
432 331
548 808
21 605
868 429
889 237
695 749
866 90
678 563
460 687
541 957
784 713
856 165
35 449
105 547
188 33
485 770
773 740
21 58
848 778
356 228
910 888
948 349
18 285
772 694
365 776
423 459
106 575
487 309
382 85
202 679
938 109
828 924
560 98
373 446
31 88
17 793
342 710
272 441
974 285
502 952
101 260
451 237
93 245
48 18
755 672
231 444
433 589
164 830
970 969
728 482
535 708
885 250
558 208
253 366
143 444
146 496
612 758
952 207
69 776
417 24
623 824
153 467
281 134
304 919
690 871
269 327
950 285
950 838
44 534
162 339
412 132
713 687
310 369
19 900
868 752
355 543
500 103
928 677
302 352
627 107
383 746
590 470
591 460
4 340
600 817
251 847
927 974
108 281
417 17
329 604
610 703
709 337
118 779
377 131
692 590
949 632
146 887
405 246
928 498
54 7
275 803
239 594
684 257
723 618
957 751
616 506
320 215
256 558
558 920
65 623
300 197
266 885
713 946
950 380
775 948
353 693
686 241
965 779
551 653
733 661
771 94
573 214
23 334
885 415
448 937
162 4
897 95
809 416
683 964
524 576
750 845
571 362
115 739
259 93
151 940
155 297
690 897
52 410
87 638
573 980
62 168
67 789
35 371
915 726
573 666
599 160
817 200
13 312
89 511
416 665
594 945
558 236
852 679
192 421
799 695
216 385
324 820
952 117
986 797
439 606
10 42
356 818
267 2
750 173
110 155
921 462
259 211
425 36
676 383
366 496
149 155
616 320
836 59
620 197
855 739
608 645
717 179
386 357
873 58
654 209
837 671
513 438
111 675
874 794
21 322
976 386
982 605
59 415
110 617
751 741
251 984
103 859
363 329
391 62
464 399
908 573
484 834
227 709
235 358
257 661
243 166
944 25
473 987
898 195
905 179
209 622
10 219
765 486
820 58
877 748
415 317
48 774
716 123
37 331
460 441
101 664
89 532
145 730
509 537
409 720
230 455
951 302
656 637
700 227
820 267
450 367
215 45
859 444
475 960
473 295
349 34
573 589
168 903
977 151
357 381
73 782
125 396
390 767
552 307
338 303
547 392
618 883
921 648
829 47
135 642
389 670
176 774
804 806
767 178
647 580
734 939
246 39
365 672
393 721
663 883
818 98
549 839
53 93
707 267
607 428
407 716
265 568
156 712
766 216
987 726
69 332
751 364
245 161
726 239
466 612
753 945
106 743
860 308
496 180
539 127
65 129
